175 0 144.4 8 CAP0043 1 144.4 999999999 
330 0 453.2 51 CAP0055 1 453.2 999999999 
285 0 323.8 32 CAP0103 1 323.8 999999999 
320 0 407.3 47 CAP0168 1 407.3 999999999 
285 0 314.9 32 CAP0196 1 314.9 999999999 
245 0 232.1 19 CAP0299 1 232.1 999999999 
915 0 41886.8 1760 CAP0331-ligand 11 3807.890909090909 999999999 
485 0 898.4 38 Chain0011ASN 1 898.4 999999999 
530 0 1056.3 45 Chain0064ARG 1 1056.3 999999999 
1070 0 2874.7 121 Chain0071LEU-ligand 1 2874.7 999999999 
520 0 994.9 42 Chain0073LYS 1 994.9 999999999 
1044 0 2688.4 113 Chain0075MET-ligand 1 2688.4 999999999 
995 0 7002.8 299 Chain0094GLU-ligand 9 778.088888888889 999999999 
435 0 771.0 33 Chain0113ILE 1 771.0 999999999 
955 0 7301.0 310 Chain0156ASN-ligand 9 811.2222222222222 999999999 
395 0 637.3 100 Chain0168LEU 1 637.3 999999999 
423 0 771.3 32 Chain0207ILE 1 771.3 999999999 
1040 0 2510.9 106 Chain0242LEU-ligand 1 2510.9 999999999 
475 0 923.7 39 Chain0280LEU 1 923.7 999999999 
415 0 759.4 32 Chain0313PRO 1 759.4 999999999 
365 0 569.8 75 CAP0069 1 569.8 999999999 
314 0 421.9 48 CAP0074 1 421.9 999999999 
850 0 1894.5 81 CAP0086-ligand 1 1894.5 999999999 
285 0 305.6 33 CAP0124 1 305.6 999999999 
154 0 128.3 8 CAP0205 1 128.3 999999999 
304 0 376.4 43 CAP0207 1 376.4 999999999 
240 0 257.3 22 CAP0236 1 257.3 999999999 
865 0 1879.3 80 CAP0252-ligand 1 1879.3 999999999 
805 0 20568.9 866 CAP0319-ligand 11 1869.9 999999999 
840 0 1776.0 76 CAP0327-ligand 1 1776.0 999999999 
530 0 1094.4 47 Chain0008GLN 1 1094.4 999999999 
945 0 6752.4 290 Chain0018PRO-ligand 9 750.2666666666667 999999999 
360 0 541.9 72 Chain0048ALA 1 541.9 999999999 
435 0 779.7 33 Chain0103THR 1 779.7 999999999 
1000 0 2367.9 101 Chain0124VAL-ligand 1 2367.9 999999999 
450 0 861.9 37 Chain0164LEU 1 861.9 999999999 
930 0 4814.5 205 Chain0210GLU-ligand 9 534.9444444444445 999999999 
475 0 944.5 41 Chain0211LEU 1 944.5 999999999 
1035 0 2502.5 107 Chain0216THR-ligand 1 2502.5 999999999 
1005 0 7207.0 309 Chain0241LEU-ligand 9 800.7777777777778 999999999 
1065 0 3043.1 130 Chain0243LYS-ligand 1 3043.1 999999999 
420 0 675.5 29 Chain0266ALA 1 675.5 999999999 
494 0 1089.1 47 Chain0282LYS 1 1089.1 999999999 
920 0 2106.8 90 Chain0335LEU-ligand 1 2106.8 999999999 
390 0 622.2 98 Chain0335LEU 1 622.2 999999999 
285 0 317.6 32 CAP0169 1 317.6 999999999 
175 0 134.7 9 CAP0249 1 134.7 999999999 
360 0 520.3 67 CAP0253 1 520.3 999999999 
285 0 308.3 31 CAP0285 1 308.3 999999999 
215 0 175.0 13 CAP0287 1 175.0 999999999 
325 0 388.2 47 CAP0318 1 388.2 999999999 
305 0 357.8 40 CAP0324 1 357.8 999999999 
1120 0 3063.1 129 Chain0021TYR-ligand 1 3063.1 999999999 
515 0 1152.2 49 Chain0046ARG 1 1152.2 999999999 
580 0 1413.4 60 Chain0067ARG 1 1413.4 999999999 
990 0 44722.3 1881 Chain0086VAL-ligand 11 4065.6636363636367 999999999 
275 0 291.6 29 Chain0108ALA 1 291.6 999999999 
429 0 874.8 37 Chain0115LYS 1 874.8 999999999 
469 0 854.4 37 Chain0261PRO 1 854.4 999999999 
425 0 723.2 30 Chain0278ASP 1 723.2 999999999 
970 0 6628.5 282 Chain0330ASP-ligand 9 736.5 999999999 
460 0 1049.7 45 Chain0344VAL 1 1049.7 999999999 
310 0 355.3 41 CAP0049 1 355.3 999999999 
385 0 543.2 83 CAP0136 1 543.2 999999999 
370 0 507.9 72 CAP0191 1 507.9 999999999 
310 0 376.1 43 CAP0218 1 376.1 999999999 
250 0 264.2 23 CAP0344 1 264.2 999999999 
300 0 374.8 39 CAP0346 1 374.8 999999999 
545 0 1223.2 51 Chain0138ILE 1 1223.2 999999999 
405 0 727.7 31 Chain0214GLY 1 727.7 999999999 
450 0 824.1 35 Chain0245ILE 1 824.1 999999999 
370 0 547.7 74 Chain0314VAL 1 547.7 999999999 
450 0 813.8 34 Chain0327LEU 1 813.8 999999999 
535 0 1060.8 45 Chain0333LYS 1 1060.8 999999999 
840 0 1764.4 74 CAP0004-ligand 1 1764.4 999999999 
805 0 1815.4 76 CAP0016-ligand 1 1815.4 999999999 
800 0 1934.9 81 CAP0026-ligand 1 1934.9 999999999 
870 0 2002.4 84 CAP0046-ligand 1 2002.4 999999999 
850 0 1788.6 75 CAP0096-ligand 1 1788.6 999999999 
780 0 2033.1 86 CAP0102-ligand 1 2033.1 999999999 
279 0 309.9 31 CAP0115 1 309.9 999999999 
335 0 419.0 52 CAP0117 1 419.0 999999999 
365 0 529.8 70 CAP0132 1 529.8 999999999 
905 0 2025.8 86 CAP0145-ligand 1 2025.8 999999999 
765 0 1602.3 68 CAP0150-ligand 1 1602.3 999999999 
235 0 216.9 17 CAP0153 1 216.9 999999999 
805 0 2249.5 95 CAP0164-ligand 1 2249.5 999999999 
445 0 811.1 34 CAP0182 1 811.1 999999999 
725 0 1391.8 58 CAP0219-ligand 1 1391.8 999999999 
705 0 1339.2 56 CAP0220-ligand 1 1339.2 999999999 
850 0 1768.0 74 CAP0223-ligand 1 1768.0 999999999 
840 0 1834.6 77 CAP0230-ligand 1 1834.6 999999999 
250 0 247.0 21 CAP0256 1 247.0 999999999 
320 0 400.4 45 CAP0261 1 400.4 999999999 
780 0 4710.1 200 CAP0277-ligand 9 523.3444444444444 999999999 
765 0 1513.8 64 CAP0295-ligand 1 1513.8 999999999 
235 0 220.8 18 CAP0296 1 220.8 999999999 
815 0 1658.5 70 CAP0301-ligand 1 1658.5 999999999 
395 0 618.5 96 CAP0302 1 618.5 999999999 
265 0 267.0 25 CAP0338 1 267.0 999999999 
450 0 903.4 39 Chain0012LYS 1 903.4 999999999 
980 0 2254.5 95 Chain0090ALA-ligand 1 2254.5 999999999 
984 0 2267.0 96 Chain0117GLN-ligand 1 2267.0 999999999 
970 0 2189.3 92 Chain0134GLY-ligand 1 2189.3 999999999 
410 0 653.4 28 Chain0135LEU 1 653.4 999999999 
1025 0 2509.4 105 Chain0144ILE-ligand 1 2509.4 999999999 
965 0 2228.0 94 Chain0178VAL-ligand 1 2228.0 999999999 
845 0 5460.9 232 Chain0221THR-ligand 9 606.7666666666667 999999999 
510 0 1000.1 43 Chain0229LEU 1 1000.1 999999999 
405 0 679.9 28 Chain0250ALA 1 679.9 999999999 
920 0 2083.3 87 Chain0257LEU-ligand 1 2083.3 999999999 
185 0 145.6 9 CAP0027 1 145.6 999999999 
300 0 339.8 36 CAP0042 1 339.8 999999999 
330 0 425.6 51 CAP0054 1 425.6 999999999 
885 0 2227.3 93 CAP0067-ligand 1 2227.3 999999999 
250 0 233.4 20 CAP0098 1 233.4 999999999 
275 0 299.0 29 CAP0147 1 299.0 999999999 
749 0 5758.3 245 CAP0158-ligand 11 523.4818181818182 999999999 
780 0 1693.9 71 CAP0199-ligand 1 1693.9 999999999 
840 0 1775.9 75 CAP0241-ligand 1 1775.9 999999999 
705 0 1336.8 56 CAP0249-ligand 1 1336.8 999999999 
275 0 284.6 27 CAP0257 1 284.6 999999999 
805 0 4918.0 209 CAP0278-ligand 9 546.4444444444445 999999999 
310 0 373.3 41 CAP0327 1 373.3 999999999 
830 0 2077.4 87 Chain0028GLY-ligand 1 2077.4 999999999 
250 0 223.2 19 Chain0030GLY 1 223.2 999999999 
1065 0 3332.3 141 Chain0051LYS-ligand 1 3332.3 999999999 
950 0 2254.1 94 Chain0061HIE-ligand 1 2254.1 999999999 
1070 0 2747.7 116 Chain0070ARG-ligand 1 2747.7 999999999 
514 0 1142.7 48 Chain0074HIE 1 1142.7 999999999 
400 0 667.2 28 Chain0098ASP 1 667.2 999999999 
415 0 879.4 37 Chain0150PRO 1 879.4 999999999 
914 0 15195.6 645 Chain0159CYS-ligand 12 1266.3 999999999 
915 0 2530.2 106 Chain0166PHE-ligand 1 2530.2 999999999 
539 0 1281.6 54 Chain0192TRP 1 1281.6 999999999 
539 0 1278.8 54 Chain0194HIE 1 1278.8 999999999 
1040 0 2488.1 105 Chain0196ASN-ligand 1 2488.1 999999999 
865 0 1866.0 78 Chain0220GLY-ligand 1 1866.0 999999999 
980 0 5001.1 212 Chain0225ASP-ligand 9 555.6777777777778 999999999 
830 0 5085.3 216 Chain0239ALA-ligand 9 565.0333333333333 999999999 
454 0 905.1 38 Chain0284LEU 1 905.1 999999999 
375 0 587.2 78 Chain0293THR 1 587.2 999999999 
665 0 1405.3 59 CAP0030-ligand 1 1405.3 999999999 
225 0 214.9 16 CAP0034 1 214.9 999999999 
740 0 1832.6 77 CAP0048-ligand 1 1832.6 999999999 
890 0 2421.2 102 CAP0050-ligand 1 2421.2 999999999 
830 0 2009.1 84 CAP0068-ligand 1 2009.1 999999999 
275 0 303.0 29 CAP0078 1 303.0 999999999 
890 0 2229.9 94 CAP0100-ligand 1 2229.9 999999999 
865 0 1884.3 79 CAP0118-ligand 1 1884.3 999999999 
795 0 1784.7 75 CAP0157-ligand 1 1784.7 999999999 
304 0 368.1 40 CAP0188 1 368.1 999999999 
770 0 1644.6 69 CAP0247-ligand 1 1644.6 999999999 
260 0 254.6 23 CAP0267 1 254.6 999999999 
740 0 1443.1 61 CAP0276-ligand 1 1443.1 999999999 
790 0 1754.3 74 CAP0309-ligand 1 1754.3 999999999 
260 0 279.4 26 CAP0309 1 279.4 999999999 
740 0 1445.0 61 CAP0314-ligand 1 1445.0 999999999 
815 0 1753.7 74 CAP0340-ligand 1 1753.7 999999999 
1065 0 2677.3 113 Chain0005PHE-ligand 1 2677.3 999999999 
345 0 475.4 58 Chain0027VAL 1 475.4 999999999 
905 0 2084.9 88 Chain0033GLY-ligand 1 2084.9 999999999 
1035 0 2686.6 113 Chain0056PHE-ligand 1 2686.6 999999999 
360 0 526.5 68 Chain0081ILE 1 526.5 999999999 
1019 0 3649.0 153 Chain0105LEU-ligand 1 3649.0 999999999 
965 0 2432.7 103 Chain0111ASN-ligand 1 2432.7 999999999 
419 0 747.9 31 Chain0160GLU 1 747.9 999999999 
535 0 1204.5 51 Chain0201ILE 1 1204.5 999999999 
915 0 2117.3 90 Chain0219PRO-ligand 1 2117.3 999999999 
350 0 468.5 60 Chain0277VAL 1 468.5 999999999 
875 0 1962.5 83 Chain0300HIE-ligand 1 1962.5 999999999 
445 0 767.9 33 Chain0304ALA 1 767.9 999999999 
460 0 1014.8 43 Chain0305GLN 1 1014.8 999999999 
930 0 6408.9 273 Chain0310ASP-ligand 9 712.0999999999999 999999999 
1015 0 7179.3 311 Chain0318TYR-ligand 9 797.7 999999999 
500 0 951.2 40 Chain0336THR 1 951.2 999999999 
490 0 1034.3 44 Chain0338ASP 1 1034.3 999999999 
395 0 559.3 94 CAP0014 1 559.3 999999999 
815 0 1876.1 79 CAP0018-ligand 1 1876.1 999999999 
150 0 119.2 6 CAP0028 1 119.2 999999999 
755 0 1950.6 83 CAP0034-ligand 1 1950.6 999999999 
310 0 376.0 41 CAP0039 1 376.0 999999999 
245 0 223.0 19 CAP0061 1 223.0 999999999 
390 0 525.7 86 CAP0063 1 525.7 999999999 
895 0 2110.3 89 CAP0070-ligand 1 2110.3 999999999 
865 0 5526.4 236 CAP0095-ligand 9 614.0444444444444 999999999 
809 0 1706.9 72 CAP0115-ligand 1 1706.9 999999999 
265 0 257.7 24 CAP0133 1 257.7 999999999 
200 0 166.7 12 CAP0141 1 166.7 999999999 
740 0 1686.4 71 CAP0154-ligand 1 1686.4 999999999 
740 0 1533.0 65 CAP0167-ligand 1 1533.0 999999999 
740 0 1461.3 61 CAP0178-ligand 1 1461.3 999999999 
895 0 1997.6 85 CAP0231-ligand 1 1997.6 999999999 
269 0 306.2 30 CAP0260 1 306.2 999999999 
275 0 297.9 28 CAP0286 1 297.9 999999999 
365 0 489.0 69 CAP0291 1 489.0 999999999 
835 0 1782.0 75 CAP0324-ligand 1 1782.0 999999999 
1120 0 2860.1 121 Chain0007ARG-ligand 1 2860.1 999999999 
980 0 5321.1 225 Chain0010LEU-ligand 9 591.2333333333333 999999999 
970 0 2372.3 100 Chain0042LYS-ligand 1 2372.3 999999999 
425 0 810.2 35 Chain0079ASN 1 810.2 999999999 
510 0 1079.3 46 Chain0101LEU 1 1079.3 999999999 
425 0 818.9 35 Chain0122ASP 1 818.9 999999999 
980 0 2407.4 102 Chain0212LEU-ligand 1 2407.4 999999999 
990 0 7016.2 300 Chain0224ILE-ligand 9 779.5777777777778 999999999 
1025 0 2651.9 111 Chain0269PHE-ligand 1 2651.9 999999999 
530 0 1198.9 50 Chain0290LYS 1 1198.9 999999999 
905 0 2133.4 90 Chain0293THR-ligand 1 2133.4 999999999 
300 0 344.5 37 CAP0012 1 344.5 999999999 
815 0 1740.4 73 CAP0022-ligand 1 1740.4 999999999 
680 0 1375.4 58 CAP0028-ligand 1 1375.4 999999999 
840 0 1954.9 82 CAP0039-ligand 1 1954.9 999999999 
830 0 1759.6 75 CAP0042-ligand 1 1759.6 999999999 
945 0 2230.8 93 CAP0066-ligand 1 2230.8 999999999 
210 0 188.4 14 CAP0081 1 188.4 999999999 
780 0 4832.0 205 CAP0097-ligand 9 536.8888888888889 999999999 
834 0 2594.1 109 CAP0105-ligand 1 2594.1 999999999 
335 0 423.2 52 CAP0118 1 423.2 999999999 
335 0 429.3 54 CAP0135 1 429.3 999999999 
915 0 2081.0 88 CAP0136-ligand 1 2081.0 999999999 
775 0 1655.6 70 CAP0166-ligand 1 1655.6 999999999 
275 0 306.1 30 CAP0197 1 306.1 999999999 
240 0 237.0 20 CAP0221 1 237.0 999999999 
365 0 491.8 69 CAP0231 1 491.8 999999999 
809 0 1667.3 70 CAP0263-ligand 1 1667.3 999999999 
780 0 1606.0 68 CAP0273-ligand 1 1606.0 999999999 
235 0 215.1 17 CAP0275 1 215.1 999999999 
690 0 1307.7 55 CAP0294-ligand 1 1307.7 999999999 
990 0 2470.3 104 Chain0023ASN-ligand 1 2470.3 999999999 
809 0 1867.1 79 Chain0037ALA-ligand 1 1867.1 999999999 
970 0 2348.0 99 Chain0045LEU-ligand 1 2348.0 999999999 
990 0 5726.3 243 Chain0078GLU-ligand 9 636.2555555555556 999999999 
980 0 2498.3 105 Chain0088THR-ligand 1 2498.3 999999999 
520 0 1149.2 48 Chain0127LEU 1 1149.2 999999999 
915 0 2408.6 101 Chain0153LEU-ligand 1 2408.6 999999999 
365 0 603.8 76 Chain0186PRO 1 603.8 999999999 
1069 0 2743.7 115 Chain0194HIE-ligand 1 2743.7 999999999 
400 0 678.5 28 Chain0210GLU 1 678.5 999999999 
540 0 975.7 41 Chain0232ARG 1 975.7 999999999 
855 0 1835.7 77 Chain0235GLY-ligand 1 1835.7 999999999 
535 0 1032.5 43 Chain0243LYS 1 1032.5 999999999 
450 0 852.3 36 Chain0279LEU 1 852.3 999999999 
385 0 554.7 87 CAP0015 1 554.7 999999999 
300 0 335.2 36 CAP0041 1 335.2 999999999 
335 0 416.2 51 CAP0072 1 416.2 999999999 
260 0 257.4 24 CAP0139 1 257.4 999999999 
245 0 217.9 20 CAP0166 1 217.9 999999999 
925 0 2147.6 91 CAP0201-ligand 1 2147.6 999999999 
395 0 563.2 94 CAP0201 1 563.2 999999999 
175 0 137.6 9 CAP0213 1 137.6 999999999 
240 0 239.8 21 CAP0316 1 239.8 999999999 
980 0 7420.1 316 Chain0040ASP-ligand 9 824.4555555555556 999999999 
350 0 513.8 62 Chain0044GLY 1 513.8 999999999 
980 0 2493.7 106 Chain0052LEU-ligand 1 2493.7 999999999 
560 0 1041.4 45 Chain0136LYS 1 1041.4 999999999 
1090 0 2756.8 117 Chain0137TYR-ligand 1 2756.8 999999999 
500 0 1158.6 49 Chain0161LEU 1 1158.6 999999999 
425 0 798.4 34 Chain0170THR 1 798.4 999999999 
450 0 841.3 36 Chain0226GLN 1 841.3 999999999 
870 0 49263.0 2071 Chain0249SER-ligand 14 3518.785714285714 999999999 
1065 0 2777.4 117 Chain0254ILE-ligand 1 2777.4 999999999 
974 0 2304.7 97 Chain0260MET-ligand 1 2304.7 999999999 
880 0 1992.8 84 Chain0273ASN-ligand 1 1992.8 999999999 
500 0 1169.9 50 Chain0281GLU 1 1169.9 999999999 
215 0 252.3 17 CAP0025 1 252.3 999999999 
210 0 221.3 17 CAP0047 1 221.3 999999999 
240 0 244.3 21 CAP0120 1 244.3 999999999 
345 0 627.7 69 CAP0217 1 627.7 999999999 
240 0 257.5 22 CAP0247 1 257.5 999999999 
310 0 427.3 47 CAP0254 1 427.3 999999999 
285 0 334.1 34 CAP0307 1 334.1 999999999 
855 0 3056.0 129 CAP0318-ligand 1 3056.0 999999999 
1015 0 4243.3 179 Chain0011ASN-ligand 1 4243.3 999999999 
1005 0 3999.7 168 Chain0013THR-ligand 1 3999.7 999999999 
1040 0 4246.7 179 Chain0022GLN-ligand 1 4246.7 999999999 
400 0 1043.7 44 Chain0024LEU 1 1043.7 999999999 
514 0 1644.5 69 Chain0075MET 1 1644.5 999999999 
915 0 4266.8 181 Chain0082GLY-ligand 1 4266.8 999999999 
450 0 893.5 39 Chain0090ALA 1 893.5 999999999 
910 0 7729.1 327 Chain0121ASP-ligand 9 858.7888888888889 999999999 
955 0 10665.7 455 Chain0278ASP-ligand 9 1185.0777777777778 999999999 
504 0 1628.6 69 Chain0283MET 1 1628.6 999999999 
565 0 1064.2 47 Chain0291ARG 1 1064.2 999999999 
470 0 1341.0 57 Chain0301ALA 1 1341.0 999999999 
1055 0 8851.2 378 Chain0331GLU-ligand 9 983.4666666666667 999999999 
435 0 1238.6 53 Chain0343PHE 1 1238.6 999999999 
925 0 2832.5 119 CAP0005-ligand 1 2832.5 999999999 
355 0 558.9 75 CAP0019 1 558.9 999999999 
415 0 870.3 37 CAP0066 1 870.3 999999999 
345 0 528.1 65 CAP0125 1 528.1 999999999 
285 0 338.1 33 CAP0152 1 338.1 999999999 
980 0 3203.4 135 CAP0181-ligand 1 3203.4 999999999 
975 0 3188.3 135 CAP0182-ligand 1 3188.3 999999999 
304 0 430.3 44 CAP0189 1 430.3 999999999 
335 0 472.6 56 CAP0202 1 472.6 999999999 
310 0 441.8 47 CAP0211 1 441.8 999999999 
805 0 5028.7 213 CAP0225-ligand 9 558.7444444444444 999999999 
304 0 412.8 42 CAP0259 1 412.8 999999999 
830 0 7359.6 314 CAP0280-ligand 9 817.7333333333333 999999999 
160 0 141.2 7 CAP0294 1 141.2 999999999 
830 0 7689.7 328 CAP0346-ligand 9 854.411111111111 999999999 
880 0 2801.7 119 Chain0044GLY-ligand 1 2801.7 999999999 
385 0 668.0 90 Chain0083LEU 1 668.0 999999999 
540 0 1008.9 43 Chain0132LEU 1 1008.9 999999999 
915 0 3502.8 147 Chain0154ALA-ligand 1 3502.8 999999999 
955 0 3241.7 136 Chain0198THR-ligand 1 3241.7 999999999 
1065 0 3487.2 147 Chain0244LYS-ligand 1 3487.2 999999999 
1095 0 3307.6 139 Chain0291ARG-ligand 1 3307.6 999999999 
405 0 816.5 34 Chain0312GLU 1 816.5 999999999 
465 0 1099.4 46 Chain0317PRO 1 1099.4 999999999 
525 0 1138.0 51 Chain0331GLU 1 1138.0 999999999 
160 0 152.5 8 CAP0037 1 152.5 999999999 
834 0 2831.9 120 CAP0188-ligand 1 2831.9 999999999 
870 0 2858.0 121 CAP0251-ligand 1 2858.0 999999999 
329 0 499.9 57 CAP0262 1 499.9 999999999 
270 0 294.4 28 CAP0265 1 294.4 999999999 
320 0 489.7 53 CAP0268 1 489.7 999999999 
210 0 193.8 15 CAP0272 1 193.8 999999999 
285 0 340.3 34 CAP0284 1 340.3 999999999 
840 0 2591.9 109 CAP0328-ligand 1 2591.9 999999999 
390 0 645.3 95 Chain0025SER 1 645.3 999999999 
930 0 10181.0 436 Chain0098ASP-ligand 9 1131.2222222222222 999999999 
1005 0 4073.4 171 Chain0119LEU-ligand 1 4073.4 999999999 
560 0 1108.8 47 Chain0137TYR 1 1108.8 999999999 
890 0 2954.6 124 Chain0140SER-ligand 1 2954.6 999999999 
385 0 707.3 97 Chain0219PRO 1 707.3 999999999 
980 0 7842.3 333 Chain0226GLN-ligand 9 871.3666666666667 999999999 
400 0 908.9 38 Chain0240GLU 1 908.9 999999999 
479 0 1306.4 55 Chain0263MET 1 1306.4 999999999 
300 0 440.5 45 Chain0294ALA 1 440.5 999999999 
950 0 3507.6 147 Chain0299ALA-ligand 1 3507.6 999999999 
1025 0 3923.5 165 Chain0302TYR-ligand 1 3923.5 999999999 
495 0 1173.1 51 Chain0303PHE 1 1173.1 999999999 
1035 0 4381.4 184 Chain0326ASP-ligand 1 4381.4 999999999 
415 0 985.1 41 Chain0339GLU 1 985.1 999999999 
830 0 8838.1 380 Chain0347PRO-ligand 9 982.0111111111112 999999999 
310 0 351.5 40 CAP0011 1 351.5 999999999 
690 0 1389.9 58 CAP0037-ligand 1 1389.9 999999999 
325 0 380.3 46 CAP0065 1 380.3 999999999 
865 0 2082.6 87 CAP0072-ligand 1 2082.6 999999999 
210 0 175.0 13 CAP0082 1 175.0 999999999 
320 0 395.1 45 CAP0086 1 395.1 999999999 
335 0 438.5 53 CAP0161 1 438.5 999999999 
770 0 4618.7 196 CAP0171-ligand 9 513.1888888888889 999999999 
755 0 4614.1 196 CAP0209-ligand 9 512.6777777777778 999999999 
300 0 367.5 42 CAP0289 1 367.5 999999999 
815 0 5118.5 218 CAP0307-ligand 9 568.7222222222222 999999999 
275 0 292.8 28 CAP0335 1 292.8 999999999 
855 0 1848.4 78 CAP0336-ligand 1 1848.4 999999999 
535 0 1166.8 50 Chain0016GLU 1 1166.8 999999999 
975 0 2222.8 94 Chain0062ALA-ligand 1 2222.8 999999999 
425 0 847.7 36 Chain0110LEU 1 847.7 999999999 
510 0 1059.1 44 Chain0118LYS 1 1059.1 999999999 
905 0 6410.5 273 Chain0142ASP-ligand 9 712.2777777777778 999999999 
360 0 500.2 66 Chain0155VAL 1 500.2 999999999 
935 0 4787.0 203 Chain0172ASP-ligand 9 531.8888888888889 999999999 
960 0 2267.2 95 Chain0180THR-ligand 1 2267.2 999999999 
895 0 6576.3 280 Chain0186PRO-ligand 9 730.7 999999999 
1104 0 2716.4 114 Chain0193MET-ligand 1 2716.4 999999999 
300 0 344.9 37 Chain0204VAL 1 344.9 999999999 
405 0 666.9 28 Chain0215ARG 1 666.9 999999999 
1000 0 2472.5 104 Chain0268VAL-ligand 1 2472.5 999999999 
400 0 727.1 31 Chain0310ASP 1 727.1 999999999 
995 0 26847.4 1131 Chain0337TYR-ligand 10 2684.7400000000002 999999999 
310 0 366.1 40 CAP0083 1 366.1 999999999 
204 0 174.7 12 CAP0106 1 174.7 999999999 
815 0 1771.8 74 CAP0110-ligand 1 1771.8 999999999 
815 0 1784.9 75 CAP0113-ligand 1 1784.9 999999999 
310 0 391.2 41 CAP0114 1 391.2 999999999 
825 0 1737.4 73 CAP0123-ligand 1 1737.4 999999999 
244 0 231.4 20 CAP0159 1 231.4 999999999 
865 0 1877.9 79 CAP0228-ligand 1 1877.9 999999999 
890 0 1953.1 82 CAP0243-ligand 1 1953.1 999999999 
295 0 348.5 35 CAP0274 1 348.5 999999999 
805 0 1797.9 75 CAP0286-ligand 1 1797.9 999999999 
730 0 4469.5 189 CAP0315-ligand 9 496.6111111111111 999999999 
285 0 297.1 30 CAP0321 1 297.1 999999999 
1060 0 2889.4 121 Chain0008GLN-ligand 1 2889.4 999999999 
475 0 1037.0 43 Chain0009GLU 1 1037.0 999999999 
344 0 505.2 61 Chain0035VAL 1 505.2 999999999 
1015 0 2722.6 115 Chain0114VAL-ligand 1 2722.6 999999999 
375 0 619.3 83 Chain0142ASP 1 619.3 999999999 
475 0 966.9 40 Chain0149LYS 1 966.9 999999999 
415 0 834.7 35 Chain0157GLU 1 834.7 999999999 
1045 0 2496.1 105 Chain0184ARG-ligand 1 2496.1 999999999 
390 0 627.8 94 Chain0199VAL 1 627.8 999999999 
1040 0 2518.8 106 Chain0229LEU-ligand 1 2518.8 999999999 
440 0 821.3 35 Chain0251ARG 1 821.3 999999999 
880 0 5884.1 250 Chain0277VAL-ligand 9 653.7888888888889 999999999 
940 0 2168.9 91 Chain0297ALA-ligand 1 2168.9 999999999 
510 0 937.9 40 Chain0307HIE 1 937.9 999999999 
935 0 4984.0 211 Chain0312GLU-ligand 9 553.7777777777778 999999999 
1030 0 7924.0 338 Chain0319ASP-ligand 9 880.4444444444445 999999999 
285 0 322.1 32 CAP0010 1 322.1 999999999 
345 0 419.1 57 CAP0076 1 419.1 999999999 
305 0 332.8 38 CAP0091 1 332.8 999999999 
285 0 344.1 34 CAP0112 1 344.1 999999999 
310 0 510.8 50 CAP0163 1 510.8 999999999 
240 0 255.5 21 CAP0170 1 255.5 999999999 
229 0 217.9 18 CAP0208 1 217.9 999999999 
200 0 227.2 15 CAP0315 1 227.2 999999999 
555 0 1175.9 51 Chain0065THR 1 1175.9 999999999 
475 0 975.3 42 Chain0099VAL 1 975.3 999999999 
1045 0 7815.8 334 Chain0146ARG-ligand 10 781.58 999999999 
1005 0 2514.1 106 Chain0149LYS-ligand 1 2514.1 999999999 
385 0 655.5 93 Chain0166PHE 1 655.5 999999999 
990 0 7331.2 313 Chain0187GLU-ligand 9 814.5777777777778 999999999 
425 0 768.3 32 Chain0198THR 1 768.3 999999999 
955 0 2278.9 96 Chain0255GLN-ligand 1 2278.9 999999999 
1005 0 7171.7 306 Chain0280LEU-ligand 9 796.8555555555555 999999999 
380 0 654.4 88 Chain0309PRO 1 654.4 999999999 
450 0 948.0 41 Chain0322PHE 1 948.0 999999999 
830 0 6454.1 275 CAP0008-ligand 10 645.4100000000001 999999999 
860 0 1867.7 79 CAP0054-ligand 1 1867.7 999999999 
310 0 367.8 41 CAP0071 1 367.8 999999999 
875 0 1959.8 82 CAP0073-ligand 1 1959.8 999999999 
799 0 1645.5 70 CAP0174-ligand 1 1645.5 999999999 
290 0 318.0 34 CAP0184 1 318.0 999999999 
834 0 1746.7 74 CAP0207-ligand 1 1746.7 999999999 
185 0 139.7 9 CAP0234 1 139.7 999999999 
740 0 1457.2 62 CAP0270-ligand 1 1457.2 999999999 
265 0 263.4 26 CAP0311 1 263.4 999999999 
805 0 4851.7 206 CAP0326-ligand 9 539.0777777777778 999999999 
275 0 277.5 27 CAP0339 1 277.5 999999999 
470 0 1011.5 43 Chain0004THR 1 1011.5 999999999 
300 0 310.5 35 Chain0028GLY 1 310.5 999999999 
755 0 1716.1 72 Chain0029SER-ligand 1 1716.1 999999999 
970 0 2603.5 110 Chain0047VAL-ligand 1 2603.5 999999999 
1070 0 2835.3 119 Chain0055PRO-ligand 1 2835.3 999999999 
480 0 792.4 34 Chain0092SER 1 792.4 999999999 
805 0 2191.3 92 Chain0108ALA-ligand 1 2191.3 999999999 
435 0 795.1 34 Chain0111ASN 1 795.1 999999999 
945 0 6349.2 270 Chain0120THR-ligand 9 705.4666666666667 999999999 
980 0 5358.2 227 Chain0143ILE-ligand 9 595.3555555555555 999999999 
384 0 572.4 87 Chain0158ASP 1 572.4 999999999 
940 0 2186.6 93 Chain0177TYR-ligand 1 2186.6 999999999 
350 0 546.7 66 Chain0179ALA 1 546.7 999999999 
425 0 782.3 33 Chain0200ASP 1 782.3 999999999 
444 0 874.1 37 Chain0259GLN 1 874.1 999999999 
1009 0 2573.9 108 Chain0263MET-ligand 1 2573.9 999999999 
390 0 606.1 95 Chain0320GLN 1 606.1 999999999 
395 0 542.2 94 CAP0005 1 542.2 999999999 
150 0 108.5 6 CAP0029 1 108.5 999999999 
365 0 506.7 69 CAP0045 1 506.7 999999999 
300 0 353.7 39 CAP0068 1 353.7 999999999 
254 0 238.4 23 CAP0116 1 238.4 999999999 
875 0 1921.7 82 CAP0269-ligand 1 1921.7 999999999 
275 0 313.2 31 CAP0292 1 313.2 999999999 
275 0 281.0 29 CAP0319 1 281.0 999999999 
330 0 454.4 60 CAP0325 1 454.4 999999999 
830 0 2153.6 91 Chain0034SER-ligand 1 2153.6 999999999 
1110 0 3154.9 133 Chain0067ARG-ligand 1 3154.9 999999999 
540 0 1152.6 49 Chain0071LEU 1 1152.6 999999999 
425 0 686.6 29 Chain0085ASP 1 686.6 999999999 
460 0 907.8 39 Chain0087PHE 1 907.8 999999999 
990 0 3220.5 136 Chain0104HIE-ligand 1 3220.5 999999999 
475 0 933.7 40 Chain0119LEU 1 933.7 999999999 
1050 0 2632.2 111 Chain0126PHE-ligand 1 2632.2 999999999 
920 0 6267.9 266 Chain0199VAL-ligand 9 696.4333333333333 999999999 
485 0 1132.6 48 Chain0218PHE 1 1132.6 999999999 
885 0 19422.4 818 Chain0247SER-ligand 10 1942.2400000000002 999999999 
815 0 1635.5 69 Chain0272ALA-ligand 1 1635.5 999999999 
955 0 2429.8 102 Chain0274PRO-ligand 1 2429.8 999999999 
915 0 2086.7 88 Chain0276ALA-ligand 1 2086.7 999999999 
335 0 458.9 57 Chain0298LEU 1 458.9 999999999 
990 0 2411.7 102 Chain0305GLN-ligand 1 2411.7 999999999 
320 0 426.7 49 CAP0060 1 426.7 999999999 
355 0 536.4 75 CAP0067 1 536.4 999999999 
840 0 1938.8 83 CAP0083-ligand 1 1938.8 999999999 
285 0 306.7 32 CAP0101 1 306.7 999999999 
834 0 1835.7 78 CAP0189-ligand 1 1835.7 999999999 
335 0 438.6 53 CAP0227 1 438.6 999999999 
135 0 103.0 6 CAP0238 1 103.0 999999999 
335 0 428.0 52 CAP0242 1 428.0 999999999 
890 0 2012.6 85 CAP0253-ligand 1 2012.6 999999999 
745 0 4505.7 192 CAP0287-ligand 9 500.6333333333333 999999999 
775 0 1529.7 65 CAP0299-ligand 1 1529.7 999999999 
235 0 218.7 19 CAP0304 1 218.7 999999999 
805 0 1783.5 76 CAP0329-ligand 1 1783.5 999999999 
385 0 587.2 88 CAP0331 1 587.2 999999999 
505 0 1100.4 47 Chain0056PHE 1 1100.4 999999999 
955 0 2410.7 102 Chain0059ILE-ligand 1 2410.7 999999999 
945 0 6933.7 296 Chain0093LEU-ligand 9 770.411111111111 999999999 
495 0 952.1 41 Chain0125GLN 1 952.1 999999999 
505 0 1032.0 44 Chain0147ASP 1 1032.0 999999999 
435 0 761.1 33 Chain0178VAL 1 761.1 999999999 
999 0 5323.3 226 Chain0188ILE-ligand 9 591.4777777777778 999999999 
955 0 6365.7 272 Chain0222ASP-ligand 9 707.3 999999999 
1070 0 2557.3 108 Chain0232ARG-ligand 1 2557.3 999999999 
890 0 2038.3 86 Chain0234VAL-ligand 1 2038.3 999999999 
450 0 792.5 33 Chain0258THR 1 792.5 999999999 
865 0 1912.1 80 Chain0298LEU-ligand 1 1912.1 999999999 
350 0 458.2 61 Chain0315ALA 1 458.2 999999999 
995 0 5102.5 217 Chain0317PRO-ligand 9 566.9444444444445 999999999 
415 0 654.1 28 CAP0006 1 654.1 999999999 
285 0 312.7 33 CAP0018 1 312.7 999999999 
260 0 255.1 24 CAP0079 1 255.1 999999999 
815 0 2180.7 92 CAP0103-ligand 1 2180.7 999999999 
135 0 91.2 5 CAP0107 1 91.2 999999999 
805 0 4878.8 207 CAP0147-ligand 10 487.88 999999999 
770 0 4563.7 194 CAP0170-ligand 9 507.0777777777778 999999999 
770 0 4605.3 196 CAP0221-ligand 9 511.70000000000005 999999999 
865 0 1901.8 80 CAP0244-ligand 1 1901.8 999999999 
210 0 180.9 14 CAP0266 1 180.9 999999999 
855 0 1993.4 85 CAP0281-ligand 1 1993.4 999999999 
265 0 244.6 24 CAP0330 1 244.6 999999999 
275 0 270.3 28 CAP0333 1 270.3 999999999 
780 0 1614.3 68 CAP0341-ligand 1 1614.3 999999999 
450 0 881.4 38 Chain0010LEU 1 881.4 999999999 
895 0 2477.8 104 Chain0026PRO-ligand 1 2477.8 999999999 
485 0 945.5 40 Chain0096PHE 1 945.5 999999999 
1040 0 3070.2 129 Chain0101LEU-ligand 1 3070.2 999999999 
379 0 563.1 80 Chain0106MET 1 563.1 999999999 
965 0 2476.0 104 Chain0113ILE-ligand 1 2476.0 999999999 
380 0 594.5 85 Chain0121ASP 1 594.5 999999999 
1065 0 5882.9 249 Chain0201ILE-ligand 9 653.6555555555556 999999999 
505 0 993.6 42 Chain0216THR 1 993.6 999999999 
425 0 710.9 31 Chain0222ASP 1 710.9 999999999 
1040 0 2506.3 106 Chain0227LEU-ligand 1 2506.3 999999999 
325 0 416.5 50 Chain0235GLY 1 416.5 999999999 
890 0 1984.7 83 Chain0267ASN-ligand 1 1984.7 999999999 
920 0 6075.5 258 Chain0287ASP-ligand 9 675.0555555555555 999999999 
975 0 2245.2 94 Chain0304ALA-ligand 1 2245.2 999999999 
345 0 477.5 58 CAP0126 1 477.5 999999999 
175 0 133.0 9 CAP0140 1 133.0 999999999 
235 0 211.2 18 CAP0150 1 211.2 999999999 
840 0 2099.3 88 CAP0165-ligand 1 2099.3 999999999 
269 0 263.0 26 CAP0174 1 263.0 999999999 
875 0 2077.6 87 CAP0217-ligand 1 2077.6 999999999 
815 0 5034.2 214 CAP0222-ligand 9 559.3555555555555 999999999 
275 0 291.9 29 CAP0224 1 291.9 999999999 
800 0 1588.2 67 CAP0265-ligand 1 1588.2 999999999 
765 0 1472.9 62 CAP0296-ligand 1 1472.9 999999999 
345 0 443.9 58 CAP0317 1 443.9 999999999 
815 0 1687.9 71 CAP0321-ligand 1 1687.9 999999999 
945 0 5115.2 217 Chain0017VAL-ligand 9 568.3555555555555 999999999 
300 0 370.1 39 Chain0034SER 1 370.1 999999999 
440 0 752.9 32 Chain0045LEU 1 752.9 999999999 
440 0 779.2 33 Chain0047VAL 1 779.2 999999999 
450 0 949.5 40 Chain0084LEU 1 949.5 999999999 
1015 0 11719.7 501 Chain0096PHE-ligand 11 1065.4272727272728 999999999 
909 0 3161.2 133 Chain0106MET-ligand 1 3161.2 999999999 
435 0 791.8 34 Chain0123HIE 1 791.8 999999999 
1035 0 2587.3 109 Chain0147ASP-ligand 1 2587.3 999999999 
430 0 734.6 31 Chain0180THR 1 734.6 999999999 
295 0 317.0 35 Chain0238GLY 1 317.0 999999999 
930 0 6180.9 263 Chain0240GLU-ligand 9 686.7666666666667 999999999 
974 0 2421.3 102 Chain0259GLN-ligand 1 2421.3 999999999 
840 0 1786.3 75 Chain0271GLY-ligand 1 1786.3 999999999 
450 0 878.6 38 Chain0323GLU 1 878.6 999999999 
990 0 2435.7 103 Chain0342SER-ligand 1 2435.7 999999999 
840 0 1715.7 72 CAP0011-ligand 1 1715.7 999999999 
745 0 1481.7 63 CAP0025-ligand 1 1481.7 999999999 
285 0 314.0 31 CAP0031 1 314.0 999999999 
709 0 1440.6 61 CAP0036-ligand 1 1440.6 999999999 
210 0 190.7 14 CAP0048 1 190.7 999999999 
840 0 1771.7 75 CAP0059-ligand 1 1771.7 999999999 
260 0 257.4 24 CAP0062 1 257.4 999999999 
805 0 5216.0 222 CAP0084-ligand 9 579.5555555555555 999999999 
200 0 171.6 12 CAP0108 1 171.6 999999999 
285 0 310.6 30 CAP0113 1 310.6 999999999 
784 0 1515.1 64 CAP0116-ligand 1 1515.1 999999999 
875 0 1949.6 82 CAP0126-ligand 1 1949.6 999999999 
895 0 1942.7 82 CAP0132-ligand 1 1942.7 999999999 
830 0 1747.3 74 CAP0149-ligand 1 1747.3 999999999 
705 0 1323.4 56 CAP0175-ligand 1 1323.4 999999999 
730 0 1376.7 58 CAP0185-ligand 1 1376.7 999999999 
705 0 1350.4 57 CAP0235-ligand 1 1350.4 999999999 
755 0 1563.9 65 CAP0239-ligand 1 1563.9 999999999 
250 0 269.0 23 CAP0245 1 269.0 999999999 
805 0 1618.9 68 CAP0257-ligand 1 1618.9 999999999 
830 0 2061.8 86 CAP0289-ligand 1 2061.8 999999999 
770 0 4481.1 191 CAP0323-ligand 9 497.90000000000003 999999999 
415 0 793.8 33 Chain0017VAL 1 793.8 999999999 
515 0 1217.3 52 Chain0019GLU 1 1217.3 999999999 
454 0 810.3 34 Chain0117GLN 1 810.3 999999999 
535 0 1114.3 47 Chain0128ILE 1 1114.3 999999999 
1065 0 2654.4 112 Chain0129TYR-ligand 1 2654.4 999999999 
495 0 990.2 42 Chain0144ILE 1 990.2 999999999 
400 0 733.1 31 Chain0152ASN 1 733.1 999999999 
385 0 588.8 84 Chain0154ALA 1 588.8 999999999 
980 0 3267.3 137 Chain0164LEU-ligand 1 3267.3 999999999 
1045 0 2542.9 107 Chain0233LEU-ligand 1 2542.9 999999999 
895 0 2033.7 85 Chain0246SER-ligand 1 2033.7 999999999 
365 0 525.1 69 Chain0246SER 1 525.1 999999999 
950 0 2118.4 89 Chain0266ALA-ligand 1 2118.4 999999999 
495 0 1099.6 46 Chain0269PHE 1 1099.6 999999999 
1015 0 2450.5 103 Chain0328LEU-ligand 1 2450.5 999999999 
310 0 364.1 41 CAP0087 1 364.1 999999999 
320 0 381.8 45 CAP0096 1 381.8 999999999 
850 0 1781.4 76 CAP0144-ligand 1 1781.4 999999999 
815 0 1785.3 76 CAP0152-ligand 1 1785.3 999999999 
300 0 370.1 41 CAP0187 1 370.1 999999999 
900 0 1970.1 84 CAP0191-ligand 1 1970.1 999999999 
834 0 1695.1 74 CAP0259-ligand 1 1695.1 999999999 
250 0 247.0 23 CAP0277 1 247.0 999999999 
300 0 348.2 39 CAP0280 1 348.2 999999999 
304 0 357.8 41 CAP0283 1 357.8 999999999 
770 0 4424.3 189 CAP0310-ligand 9 491.5888888888889 999999999 
795 0 4681.8 200 CAP0311-ligand 9 520.2 999999999 
1155 0 2833.1 121 Chain0006TYR-ligand 1 2833.1 999999999 
625 0 1206.7 51 Chain0006TYR 1 1206.7 999999999 
1110 0 8689.3 372 Chain0020ARG-ligand 10 868.93 999999999 
405 0 679.5 29 Chain0091ARG 1 679.5 999999999 
485 0 957.3 41 Chain0131ILE 1 957.3 999999999 
405 0 681.5 29 Chain0172ASP 1 681.5 999999999 
479 0 1039.9 45 Chain0189MET 1 1039.9 999999999 
955 0 6699.6 287 Chain0200ASP-ligand 9 744.4000000000001 999999999 
845 0 1803.5 77 Chain0236THR-ligand 1 1803.5 999999999 
980 0 5073.0 216 Chain0279LEU-ligand 9 563.6666666666666 999999999 
335 0 446.9 56 Chain0295ALA 1 446.9 999999999 
1025 0 2553.6 108 Chain0303PHE-ligand 1 2553.6 999999999 
450 0 786.9 35 Chain0334SER 1 786.9 999999999 
1030 0 2382.9 101 Chain0336THR-ligand 1 2382.9 999999999 
930 0 2195.8 93 Chain0341ILE-ligand 1 2195.8 999999999 
240 0 232.0 20 CAP0088 1 232.0 999999999 
335 0 430.0 53 CAP0099 1 430.0 999999999 
805 0 5991.1 255 CAP0109-ligand 9 665.6777777777778 999999999 
890 0 2022.3 86 CAP0128-ligand 1 2022.3 999999999 
840 0 2160.7 92 CAP0163-ligand 1 2160.7 999999999 
294 0 334.0 37 CAP0173 1 334.0 999999999 
840 0 1789.5 76 CAP0218-ligand 1 1789.5 999999999 
210 0 185.2 15 CAP0270 1 185.2 999999999 
665 0 1223.6 52 CAP0271-ligand 1 1223.6 999999999 
200 0 157.0 12 CAP0293 1 157.0 999999999 
780 0 1585.2 67 CAP0320-ligand 1 1585.2 999999999 
855 0 1956.7 83 CAP0337-ligand 1 1956.7 999999999 
1065 0 8250.2 353 Chain0016GLU-ligand 9 916.688888888889 999999999 
415 0 722.1 31 Chain0018PRO 1 722.1 999999999 
955 0 2271.7 96 Chain0058SER-ligand 1 2271.7 999999999 
555 0 1254.3 54 Chain0066TYR 1 1254.3 999999999 
1044 0 2570.6 109 Chain0076LYS-ligand 1 2570.6 999999999 
385 0 578.6 86 Chain0082GLY 1 578.6 999999999 
465 0 913.0 39 Chain0094GLU 1 913.0 999999999 
955 0 4886.9 208 Chain0122ASP-ligand 9 542.9888888888888 999999999 
1065 0 2733.1 115 Chain0128ILE-ligand 1 2733.1 999999999 
435 0 866.8 37 Chain0139HIE 1 866.8 999999999 
914 0 4707.4 200 Chain0158ASP-ligand 9 523.0444444444444 999999999 
834 0 1791.5 77 Chain0205GLY-ligand 1 1791.5 999999999 
935 0 2179.8 93 Chain0250ALA-ligand 1 2179.8 999999999 
310 0 359.2 41 Chain0271GLY 1 359.2 999999999 
350 0 521.6 66 Chain0273ASN 1 521.6 999999999 
415 0 826.0 37 Chain0289ASP 1 826.0 999999999 
410 0 696.8 31 Chain0297ALA 1 696.8 999999999 
945 0 2585.0 109 CAP0020-ligand 1 2585.0 999999999 
859 0 1920.0 82 CAP0075-ligand 1 1920.0 999999999 
820 0 1739.7 75 CAP0184-ligand 1 1739.7 999999999 
200 0 170.4 14 CAP0185 1 170.4 999999999 
815 0 1790.7 76 CAP0196-ligand 1 1790.7 999999999 
185 0 145.7 11 CAP0204 1 145.7 999999999 
285 0 298.6 32 CAP0222 1 298.6 999999999 
320 0 380.8 46 CAP0223 1 380.8 999999999 
225 0 190.7 17 CAP0239 1 190.7 999999999 
300 0 331.5 37 CAP0240 1 331.5 999999999 
329 0 398.6 50 CAP0282 1 398.6 999999999 
770 0 4909.0 209 CAP0308-ligand 9 545.4444444444445 999999999 
874 0 2442.2 104 Chain0035VAL-ligand 1 2442.2 999999999 
1060 0 2510.5 107 Chain0064ARG-ligand 1 2510.5 999999999 
415 0 823.8 36 Chain0093LEU 1 823.8 999999999 
1005 0 5950.5 253 Chain0099VAL-ligand 9 661.1666666666666 999999999 
515 0 1002.6 44 Chain0184ARG 1 1002.6 999999999 
425 0 897.3 42 Chain0197GLN 1 897.3 999999999 
953 0 2241.7 95 Chain0207ILE-ligand 1 2241.7 999999999 
425 0 782.3 34 Chain0255GLN 1 782.3 999999999 
955 0 2212.5 93 Chain0256SER-ligand 1 2212.5 999999999 
360 0 536.9 71 Chain0267ASN 1 536.9 999999999 
880 0 5603.0 239 Chain0315ALA-ligand 9 622.5555555555555 999999999 
980 0 7146.0 304 Chain0322PHE-ligand 9 794.0 999999999 
470 0 959.0 41 Chain0324SER 1 959.0 999999999 
485 0 959.4 42 Chain0328LEU 1 959.4 999999999 
980 0 6988.7 298 Chain0329ILE-ligand 9 776.5222222222222 999999999 
250 0 227.8 21 CAP0024 1 227.8 999999999 
850 0 1874.1 79 CAP0060-ligand 1 1874.1 999999999 
895 0 2408.2 102 CAP0069-ligand 1 2408.2 999999999 
805 0 9230.7 388 CAP0078-ligand 10 923.07 999999999 
220 0 199.3 16 CAP0089 1 199.3 999999999 
795 0 1641.9 69 CAP0133-ligand 1 1641.9 999999999 
360 0 485.4 66 CAP0137 1 485.4 999999999 
210 0 184.7 14 CAP0154 1 184.7 999999999 
240 0 214.6 19 CAP0171 1 214.6 999999999 
824 0 5162.2 219 CAP0173-ligand 10 516.22 999999999 
865 0 1989.9 83 CAP0202-ligand 1 1989.9 999999999 
240 0 220.3 20 CAP0248 1 220.3 999999999 
290 0 323.2 35 CAP0250 1 323.2 999999999 
920 0 2004.7 84 CAP0290-ligand 1 2004.7 999999999 
765 0 1602.4 68 CAP0298-ligand 1 1602.4 999999999 
270 0 269.1 26 CAP0313 1 269.1 999999999 
770 0 4580.2 195 CAP0316-ligand 10 458.02 999999999 
850 0 1933.5 82 CAP0343-ligand 1 1933.5 999999999 
580 0 1717.3 72 Chain0020ARG 1 1717.3 999999999 
460 0 901.7 38 Chain0023ASN 1 901.7 999999999 
780 0 1922.5 81 Chain0030GLY-ligand 1 1922.5 999999999 
1010 0 2363.8 99 Chain0092SER-ligand 1 2363.8 999999999 
1090 0 2594.0 109 Chain0136LYS-ligand 1 2594.0 999999999 
425 0 748.5 32 Chain0156ASN 1 748.5 999999999 
485 0 980.6 42 Chain0165ASP 1 980.6 999999999 
955 0 6482.4 276 Chain0170THR-ligand 10 648.24 999999999 
574 0 1207.7 51 Chain0193MET 1 1207.7 999999999 
1015 0 2512.4 106 Chain0203SER-ligand 1 2512.4 999999999 
935 0 2285.6 97 Chain0215ARG-ligand 1 2285.6 999999999 
300 0 342.3 38 Chain0239ALA 1 342.3 999999999 
990 0 2342.6 99 Chain0285VAL-ligand 1 2342.6 999999999 
335 0 439.2 54 CAP0051 1 439.2 999999999 
250 0 244.8 22 CAP0085 1 244.8 999999999 
304 0 342.1 39 CAP0105 1 342.1 999999999 
840 0 1788.6 76 CAP0131-ligand 1 1788.6 999999999 
375 0 583.3 82 CAP0145 1 583.3 999999999 
370 0 558.5 78 CAP0194 1 558.5 999999999 
805 0 1593.6 68 CAP0197-ligand 1 1593.6 999999999 
225 0 196.9 16 CAP0203 1 196.9 999999999 
759 0 1493.0 64 CAP0208-ligand 1 1493.0 999999999 
840 0 1798.4 76 CAP0254-ligand 1 1798.4 999999999 
250 0 236.8 23 CAP0255 1 236.8 999999999 
285 0 288.4 31 CAP0301 1 288.4 999999999 
800 0 1579.7 67 CAP0303-ligand 1 1579.7 999999999 
520 0 1265.4 54 Chain0002ARG 1 1265.4 999999999 
980 0 2323.4 99 Chain0012LYS-ligand 1 2323.4 999999999 
875 0 2461.8 104 Chain0027VAL-ligand 1 2461.8 999999999 
935 0 2169.3 92 Chain0091ARG-ligand 1 2169.3 999999999 
489 0 1011.2 43 Chain0105LEU 1 1011.2 999999999 
485 0 1039.7 45 Chain0114VAL 1 1039.7 999999999 
915 0 2244.9 95 Chain0151SER-ligand 1 2244.9 999999999 
990 0 7092.9 302 Chain0223HIE-ligand 9 788.0999999999999 999999999 
1040 0 2663.7 113 Chain0228LYS-ligand 1 2663.7 999999999 
475 0 910.1 39 Chain0241LEU 1 910.1 999999999 
460 0 884.5 38 Chain0285VAL 1 884.5 999999999 
870 0 11908.0 503 Chain0316ASP-ligand 11 1082.5454545454545 999999999 
485 0 895.6 38 Chain0318TYR 1 895.6 999999999 
1000 0 2458.9 104 Chain0324SER-ligand 1 2458.9 999999999 
1020 0 5233.1 222 Chain0338ASP-ligand 9 581.4555555555556 999999999 
780 0 1686.7 71 CAP0017-ligand 1 1686.7 999999999 
365 0 497.1 66 CAP0070 1 497.1 999999999 
285 0 303.9 31 CAP0080 1 303.9 999999999 
275 0 274.7 27 CAP0084 1 274.7 999999999 
840 0 1832.1 77 CAP0143-ligand 1 1832.1 999999999 
300 0 324.3 36 CAP0160 1 324.3 999999999 
805 0 5032.8 213 CAP0224-ligand 9 559.2 999999999 
335 0 415.2 53 CAP0228 1 415.2 999999999 
820 0 1693.8 71 CAP0250-ligand 1 1693.8 999999999 
780 0 1571.6 66 CAP0255-ligand 1 1571.6 999999999 
135 0 93.2 5 CAP0271 1 93.2 999999999 
235 0 209.4 17 CAP0295 1 209.4 999999999 
805 0 1672.3 70 CAP0335-ligand 1 1672.3 999999999 
325 0 408.2 49 CAP0336 1 408.2 999999999 
890 0 2344.2 98 Chain0031ALA-ligand 1 2344.2 999999999 
970 0 2593.9 109 Chain0041THR-ligand 1 2593.9 999999999 
1060 0 10542.5 448 Chain0068GLU-ligand 11 958.4090909090909 999999999 
530 0 1295.8 56 Chain0068GLU 1 1295.8 999999999 
1040 0 3035.6 127 Chain0100TYR-ligand 1 3035.6 999999999 
454 0 1007.4 42 Chain0116CYS 1 1007.4 999999999 
930 0 2082.9 87 Chain0176GLY-ligand 1 2082.9 999999999 
420 0 694.5 29 Chain0270ILE 1 694.5 999999999 
395 0 635.7 102 Chain0275LEU 1 635.7 999999999 
1030 0 2816.7 118 Chain0281GLU-ligand 1 2816.7 999999999 
955 0 5304.0 224 Chain0286LEU-ligand 9 589.3333333333334 999999999 
980 0 5243.9 221 Chain0340VAL-ligand 9 582.6555555555556 999999999 
400 0 713.7 30 Chain0341ILE 1 713.7 999999999 
440 0 933.2 39 Chain0346PRO 1 933.2 999999999 
895 0 1971.8 82 CAP0007-ligand 1 1971.8 999999999 
759 0 1968.2 82 CAP0035-ligand 1 1968.2 999999999 
179 0 138.6 9 CAP0036 1 138.6 999999999 
360 0 492.3 66 CAP0050 1 492.3 999999999 
790 0 1526.6 64 CAP0062-ligand 1 1526.6 999999999 
820 0 4884.2 208 CAP0094-ligand 9 542.6888888888889 999999999 
290 0 293.0 31 CAP0094 1 293.0 999999999 
790 0 1667.4 70 CAP0111-ligand 1 1667.4 999999999 
320 0 400.1 45 CAP0138 1 400.1 999999999 
260 0 261.8 25 CAP0155 1 261.8 999999999 
815 0 1731.7 72 CAP0169-ligand 1 1731.7 999999999 
919 0 2101.5 88 CAP0192-ligand 1 2101.5 999999999 
840 0 1856.1 78 CAP0211-ligand 1 1856.1 999999999 
805 0 1680.4 71 CAP0216-ligand 1 1680.4 999999999 
725 0 1351.5 57 CAP0237-ligand 1 1351.5 999999999 
770 0 4736.2 201 CAP0248-ligand 9 526.2444444444444 999999999 
730 0 1433.1 60 CAP0293-ligand 1 1433.1 999999999 
795 0 4929.6 209 CAP0312-ligand 10 492.96000000000004 999999999 
210 0 165.1 12 CAP0314 1 165.1 999999999 
240 0 216.9 19 CAP0323 1 216.9 999999999 
445 0 953.7 40 Chain0054ARG 1 953.7 999999999 
1025 0 2640.9 110 Chain0060ILE-ligand 1 2640.9 999999999 
420 0 751.4 32 Chain0061HIE 1 751.4 999999999 
870 0 2129.0 90 Chain0089PRO-ligand 1 2129.0 999999999 
304 0 345.8 40 Chain0107GLY 1 345.8 999999999 
965 0 2434.2 103 Chain0112ASN-ligand 1 2434.2 999999999 
535 0 1258.3 53 Chain0129TYR 1 1258.3 999999999 
1015 0 2527.5 106 Chain0131ILE-ligand 1 2527.5 999999999 
315 0 394.5 45 Chain0141ALA 1 394.5 999999999 
380 0 627.9 86 Chain0171ASP 1 627.9 999999999 
489 0 969.2 41 Chain0262LYS 1 969.2 999999999 
440 0 839.0 35 Chain0330ASP 1 839.0 999999999 
1065 0 2646.1 111 Chain0333LYS-ligand 1 2646.1 999999999 
965 0 2389.6 100 Chain0343PHE-ligand 1 2389.6 999999999 
360 0 483.5 65 CAP0021 1 483.5 999999999 
730 0 1804.8 76 CAP0108-ligand 1 1804.8 999999999 
275 0 280.8 29 CAP0109 1 280.8 999999999 
330 0 416.4 57 CAP0146 1 416.4 999999999 
774 0 1674.1 70 CAP0159-ligand 1 1674.1 999999999 
790 0 1587.1 67 CAP0176-ligand 1 1587.1 999999999 
260 0 238.7 23 CAP0176 1 238.7 999999999 
860 0 1908.4 80 CAP0180-ligand 1 1908.4 999999999 
450 0 940.5 39 CAP0181 1 940.5 999999999 
415 0 619.1 26 CAP0183 1 619.1 999999999 
250 0 249.9 22 CAP0198 1 249.9 999999999 
815 0 1804.1 76 CAP0233-ligand 1 1804.1 999999999 
780 0 1530.7 64 CAP0256-ligand 1 1530.7 999999999 
834 0 1878.1 79 CAP0283-ligand 1 1878.1 999999999 
325 0 395.9 47 CAP0337 1 395.9 999999999 
285 0 318.8 32 CAP0340 1 318.8 999999999 
1000 0 2517.6 106 Chain0004THR-ligand 1 2517.6 999999999 
360 0 577.9 72 Chain0031ALA 1 577.9 999999999 
834 0 2499.6 105 Chain0107GLY-ligand 1 2499.6 999999999 
940 0 2133.0 90 Chain0135LEU-ligand 1 2133.0 999999999 
550 0 1412.0 60 Chain0145HIE 1 1412.0 999999999 
945 0 7465.1 317 Chain0157GLU-ligand 9 829.4555555555556 999999999 
1205 0 3335.2 140 Chain0182TRP-ligand 1 3335.2 999999999 
955 0 2504.9 105 Chain0197GLN-ligand 1 2504.9 999999999 
1095 0 2689.7 113 Chain0252ASN-ligand 1 2689.7 999999999 
1034 0 2720.9 114 Chain0283MET-ligand 1 2720.9 999999999 
865 0 1837.9 78 Chain0296GLN-ligand 1 1837.9 999999999 
495 0 1106.9 46 Chain0302TYR 1 1106.9 999999999 
460 0 826.1 35 Chain0342SER 1 826.1 999999999 
970 0 7144.8 303 Chain0346PRO-ligand 10 714.48 999999999 
380 0 565.1 88 CAP0001 1 565.1 999999999 
915 0 6004.3 255 CAP0015-ligand 9 667.1444444444445 999999999 
250 0 235.3 22 CAP0097 1 235.3 999999999 
360 0 482.3 66 CAP0100 1 482.3 999999999 
335 0 413.4 52 CAP0148 1 413.4 999999999 
805 0 5270.2 224 CAP0156-ligand 9 585.5777777777778 999999999 
865 0 1992.1 84 CAP0162-ligand 1 1992.1 999999999 
705 0 1448.4 61 CAP0213-ligand 1 1448.4 999999999 
265 0 263.5 25 CAP0214 1 263.5 999999999 
310 0 372.0 44 CAP0226 1 372.0 999999999 
365 0 484.1 69 CAP0232 1 484.1 999999999 
175 0 135.8 9 CAP0235 1 135.8 999999999 
825 0 1846.6 78 CAP0274-ligand 1 1846.6 999999999 
270 0 253.5 27 CAP0303 1 253.5 999999999 
765 0 1501.7 64 CAP0304-ligand 1 1501.7 999999999 
225 0 199.0 17 Chain0029SER 1 199.0 999999999 
530 0 1290.6 55 Chain0069LEU 1 1290.6 999999999 
1005 0 2684.8 113 Chain0148LEU-ligand 1 2684.8 999999999 
890 0 2316.9 98 Chain0155VAL-ligand 1 2316.9 999999999 
949 0 6663.3 283 Chain0160GLU-ligand 9 740.3666666666667 999999999 
1030 0 5838.2 247 Chain0161LEU-ligand 9 648.6888888888889 999999999 
510 0 1188.0 50 Chain0162LYS 1 1188.0 999999999 
880 0 2066.3 87 Chain0179ALA-ligand 1 2066.3 999999999 
1015 0 2733.1 116 Chain0217LEU-ligand 1 2733.1 999999999 
1019 0 2583.9 109 Chain0264ASN-ligand 1 2583.9 999999999 
489 0 1078.0 46 Chain0264ASN 1 1078.0 999999999 
1035 0 2508.4 105 Chain0292ILE-ligand 1 2508.4 999999999 
390 0 644.2 96 Chain0345PRO 1 644.2 999999999 
790 0 1763.8 75 CAP0003-ligand 1 1763.8 999999999 
945 0 2215.4 94 CAP0006-ligand 1 2215.4 999999999 
875 0 1965.2 84 CAP0076-ligand 1 1965.2 999999999 
250 0 241.7 21 CAP0102 1 241.7 999999999 
665 0 1441.3 61 CAP0107-ligand 1 1441.3 999999999 
285 0 301.9 31 CAP0110 1 301.9 999999999 
815 0 1755.2 75 CAP0124-ligand 1 1755.2 999999999 
865 0 1957.2 83 CAP0135-ligand 1 1957.2 999999999 
890 0 2182.4 92 CAP0137-ligand 1 2182.4 999999999 
175 0 128.9 9 CAP0175 1 128.9 999999999 
815 0 5305.9 225 CAP0186-ligand 9 589.5444444444444 999999999 
314 0 375.6 45 CAP0193 1 375.6 999999999 
715 0 1432.1 61 CAP0204-ligand 1 1432.1 999999999 
865 0 1960.9 83 CAP0227-ligand 1 1960.9 999999999 
345 0 448.0 58 CAP0269 1 448.0 999999999 
310 0 365.9 42 CAP0279 1 365.9 999999999 
745 0 4621.5 197 CAP0288-ligand 9 513.5 999999999 
275 0 306.1 31 CAP0326 1 306.1 999999999 
510 0 1005.2 43 Chain0022GLN 1 1005.2 999999999 
930 0 2207.2 93 Chain0024LEU-ligand 1 2207.2 999999999 
900 0 2074.3 87 Chain0038ALA-ligand 1 2074.3 999999999 
1010 0 2523.6 106 Chain0053SER-ligand 1 2523.6 999999999 
425 0 686.0 30 Chain0058SER 1 686.0 999999999 
1065 0 2721.0 115 Chain0130GLN-ligand 1 2721.0 999999999 
384 0 609.9 89 Chain0159CYS 1 609.9 999999999 
400 0 579.9 25 Chain0176GLY 1 579.9 999999999 
430 0 752.4 33 Chain0185ALA 1 752.4 999999999 
404 0 748.3 33 Chain0208MET 1 748.3 999999999 
1015 0 2694.9 114 Chain0218PHE-ligand 1 2694.9 999999999 
515 0 1219.6 52 Chain0233LEU 1 1219.6 999999999 
825 0 1727.4 73 Chain0238GLY-ligand 1 1727.4 999999999 
980 0 5208.2 220 Chain0327LEU-ligand 9 578.6888888888889 999999999 
980 0 2249.2 95 Chain0334SER-ligand 1 2249.2 999999999 
800 0 1653.5 69 CAP0038-ligand 1 1653.5 999999999 
895 0 2079.3 87 CAP0045-ligand 1 2079.3 999999999 
345 0 424.8 56 CAP0056 1 424.8 999999999 
840 0 5264.1 224 CAP0077-ligand 9 584.9000000000001 999999999 
740 0 1569.1 66 CAP0082-ligand 1 1569.1 999999999 
320 0 363.6 43 CAP0104 1 363.6 999999999 
260 0 251.3 24 CAP0111 1 251.3 999999999 
790 0 1729.5 72 CAP0155-ligand 1 1729.5 999999999 
830 0 5141.1 218 CAP0187-ligand 9 571.2333333333333 999999999 
175 0 127.6 9 CAP0220 1 127.6 999999999 
310 0 360.7 40 CAP0229 1 360.7 999999999 
770 0 1569.9 66 CAP0236-ligand 1 1569.9 999999999 
335 0 421.8 51 CAP0244 1 421.8 999999999 
720 0 1475.4 62 CAP0246-ligand 1 1475.4 999999999 
265 0 273.9 26 CAP0312 1 273.9 999999999 
1005 0 7459.7 318 Chain0009GLU-ligand 9 828.8555555555555 999999999 
460 0 826.9 35 Chain0057GLN 1 826.9 999999999 
965 0 2597.0 109 Chain0080VAL-ligand 1 2597.0 999999999 
990 0 2509.6 105 Chain0087PHE-ligand 1 2509.6 999999999 
460 0 844.7 35 Chain0104HIE 1 844.7 999999999 
435 0 778.1 33 Chain0112ASN 1 778.1 999999999 
470 0 859.8 36 Chain0124VAL 1 859.8 999999999 
845 0 5248.5 223 Chain0141ALA-ligand 10 524.85 999999999 
1015 0 3697.1 155 Chain0165ASP-ligand 1 3697.1 999999999 
434 0 822.0 35 Chain0173GLU 1 822.0 999999999 
329 0 444.5 53 Chain0206CYS 1 444.5 999999999 
925 0 2204.0 92 Chain0275LEU-ligand 1 2204.0 999999999 
830 0 1766.9 74 Chain0294ALA-ligand 1 1766.9 999999999 
900 0 2108.8 89 Chain0314VAL-ligand 1 2108.8 999999999 
505 0 1309.5 55 Chain0326ASP 1 1309.5 999999999 
530 0 1138.5 48 ligand0 1 1138.5 999999999 
860 0 1930.6 80 CAP0064-ligand 1 1930.6 999999999 
330 0 408.8 49 CAP0064 1 408.8 999999999 
295 0 328.1 34 CAP0123 1 328.1 999999999 
210 0 166.3 12 CAP0134 1 166.3 999999999 
275 0 297.1 29 CAP0142 1 297.1 999999999 
310 0 365.5 41 CAP0143 1 365.5 999999999 
320 0 370.4 44 CAP0144 1 370.4 999999999 
844 0 1757.0 73 CAP0193-ligand 1 1757.0 999999999 
795 0 1668.3 70 CAP0214-ligand 1 1668.3 999999999 
250 0 237.2 21 CAP0320 1 237.2 999999999 
950 0 2165.9 90 CAP0332-ligand 1 2165.9 999999999 
495 0 1065.2 44 Chain0060ILE 1 1065.2 999999999 
460 0 917.9 39 Chain0086VAL 1 917.9 999999999 
450 0 908.4 38 Chain0088THR 1 908.4 999999999 
955 0 2703.4 114 Chain0110LEU-ligand 1 2703.4 999999999 
970 0 2294.3 96 Chain0133ARG-ligand 1 2294.3 999999999 
964 0 23778.8 1006 Chain0174MET-ligand 14 1698.4857142857143 999999999 
1069 0 2816.1 118 Chain0192TRP-ligand 1 2816.1 999999999 
859 0 1969.8 82 Chain0206CYS-ligand 1 1969.8 999999999 
355 0 484.5 66 Chain0247SER 1 484.5 999999999 
355 0 494.0 63 Chain0248GLU 1 494.0 999999999 
390 0 578.4 88 Chain0257LEU 1 578.4 999999999 
1024 0 2786.6 117 Chain0282LYS-ligand 1 2786.6 999999999 
505 0 1047.0 46 Chain0292ILE 1 1047.0 999999999 
910 0 6514.1 275 Chain0309PRO-ligand 10 651.4100000000001 999999999 
920 0 2213.6 92 Chain0345PRO-ligand 1 2213.6 999999999 
920 0 2297.5 97 CAP0063-ligand 1 2297.5 999999999 
844 0 1905.2 81 CAP0074-ligand 1 1905.2 999999999 
300 0 344.4 37 CAP0149 1 344.4 999999999 
765 0 1711.1 73 CAP0153-ligand 1 1711.1 999999999 
865 0 2262.2 95 CAP0161-ligand 1 2262.2 999999999 
795 0 4776.0 202 CAP0172-ligand 9 530.6666666666666 999999999 
865 0 1925.8 81 CAP0177-ligand 1 1925.8 999999999 
805 0 1857.1 79 CAP0200-ligand 1 1857.1 999999999 
275 0 288.9 29 CAP0212 1 288.9 999999999 
195 0 161.8 12 CAP0237 1 161.8 999999999 
335 0 411.4 52 CAP0252 1 411.4 999999999 
859 0 1897.3 80 CAP0262-ligand 1 1897.3 999999999 
320 0 370.2 44 CAP0264 1 370.2 999999999 
815 0 1661.6 70 CAP0284-ligand 1 1661.6 999999999 
390 0 523.0 86 CAP0290 1 523.0 999999999 
800 0 1743.8 74 CAP0313-ligand 1 1743.8 999999999 
780 0 1585.1 67 CAP0334-ligand 1 1585.1 999999999 
535 0 1284.5 54 Chain0014ILE 1 1284.5 999999999 
450 0 895.0 38 Chain0040ASP 1 895.0 999999999 
490 0 923.8 39 Chain0063LYS 1 923.8 999999999 
1060 0 3184.2 134 Chain0069LEU-ligand 1 3184.2 999999999 
915 0 2352.6 99 Chain0083LEU-ligand 1 2352.6 999999999 
984 0 2491.9 105 Chain0116CYS-ligand 1 2491.9 999999999 
925 0 2225.7 94 Chain0168LEU-ligand 1 2225.7 999999999 
434 0 807.7 35 Chain0174MET 1 807.7 999999999 
469 0 1014.4 43 Chain0188ILE 1 1014.4 999999999 
1040 0 2559.9 108 Chain0202TRP-ligand 1 2559.9 999999999 
360 0 535.8 68 Chain0234VAL 1 535.8 999999999 
970 0 2228.0 93 Chain0251ARG-ligand 1 2228.0 999999999 
425 0 947.3 40 Chain0274PRO 1 947.3 999999999 
1060 0 3252.6 136 Chain0290LYS-ligand 1 3252.6 999999999 
935 0 4783.8 203 Chain0311ASP-ligand 9 531.5333333333333 999999999 
890 0 2008.9 85 CAP0021-ligand 1 2008.9 999999999 
840 0 1976.7 84 CAP0071-ligand 1 1976.7 999999999 
815 0 2043.7 87 CAP0080-ligand 1 2043.7 999999999 
865 0 1980.8 84 CAP0099-ligand 1 1980.8 999999999 
285 0 285.1 31 CAP0122 1 285.1 999999999 
790 0 1636.8 69 CAP0139-ligand 1 1636.8 999999999 
335 0 412.1 52 CAP0162 1 412.1 999999999 
865 0 1884.9 80 CAP0195-ligand 1 1884.9 999999999 
275 0 307.7 32 CAP0200 1 307.7 999999999 
805 0 1700.6 72 CAP0212-ligand 1 1700.6 999999999 
275 0 276.4 28 CAP0216 1 276.4 999999999 
285 0 326.3 32 CAP0233 1 326.3 999999999 
865 0 1848.0 79 CAP0242-ligand 1 1848.0 999999999 
275 0 290.8 30 CAP0258 1 290.8 999999999 
805 0 1696.2 73 CAP0292-ligand 1 1696.2 999999999 
335 0 451.5 54 CAP0322 1 451.5 999999999 
790 0 1632.7 70 CAP0345-ligand 1 1632.7 999999999 
940 0 6390.6 273 Chain0039PHE-ligand 9 710.0666666666667 999999999 
375 0 543.7 78 Chain0043THR 1 543.7 999999999 
1040 0 3115.7 131 Chain0050LYS-ligand 1 3115.7 999999999 
1085 0 2757.2 116 Chain0066TYR-ligand 1 2757.2 999999999 
460 0 1039.7 47 Chain0078GLU 1 1039.7 999999999 
520 0 1083.1 47 Chain0126PHE 1 1083.1 999999999 
1050 0 2703.3 115 Chain0127LEU-ligand 1 2703.3 999999999 
460 0 922.8 40 Chain0169HIE 1 922.8 999999999 
1120 0 2839.9 120 Chain0181ARG-ligand 1 2839.9 999999999 
675 0 1809.8 77 Chain0182TRP 1 1809.8 999999999 
924 0 4896.2 208 Chain0209ALA-ligand 9 544.0222222222222 999999999 
460 0 988.3 42 Chain0223HIE 1 988.3 999999999 
980 0 2471.0 105 Chain0258THR-ligand 1 2471.0 999999999 
865 0 1932.3 83 Chain0295ALA-ligand 1 1932.3 999999999 
910 0 2143.7 90 CAP0001-ligand 1 2143.7 999999999 
300 0 371.0 40 CAP0009 1 371.0 999999999 
805 0 1771.5 75 CAP0013-ligand 1 1771.5 999999999 
715 0 1729.2 73 CAP0027-ligand 1 1729.2 999999999 
740 0 1490.5 64 CAP0044-ligand 1 1490.5 999999999 
840 0 2259.4 95 CAP0049-ligand 1 2259.4 999999999 
780 0 1528.2 65 CAP0092-ligand 1 1528.2 999999999 
830 0 5420.6 230 CAP0093-ligand 9 602.2888888888889 999999999 
240 0 220.2 19 CAP0121 1 220.2 999999999 
840 0 1866.1 78 CAP0127-ligand 1 1866.1 999999999 
730 0 1420.1 59 CAP0179-ligand 1 1420.1 999999999 
945 0 2130.5 89 CAP0183-ligand 1 2130.5 999999999 
250 0 263.3 23 CAP0199 1 263.3 999999999 
755 0 1523.0 64 CAP0203-ligand 1 1523.0 999999999 
195 0 151.2 11 CAP0219 1 151.2 999999999 
840 0 1771.4 75 CAP0226-ligand 1 1771.4 999999999 
850 0 1937.2 81 CAP0268-ligand 1 1937.2 999999999 
325 0 448.8 55 CAP0281 1 448.8 999999999 
765 0 1573.9 66 CAP0297-ligand 1 1573.9 999999999 
875 0 1926.4 81 CAP0317-ligand 1 1926.4 999999999 
1050 0 2872.3 121 Chain0002ARG-ligand 1 2872.3 999999999 
329 0 458.9 53 Chain0036CYS 1 458.9 999999999 
990 0 2388.3 100 Chain0057GLN-ligand 1 2388.3 999999999 
890 0 2497.4 104 Chain0081ILE-ligand 1 2497.4 999999999 
415 0 756.3 32 Chain0120THR 1 756.3 999999999 
1070 0 2732.3 114 Chain0132LEU-ligand 1 2732.3 999999999 
990 0 2529.4 106 Chain0169HIE-ligand 1 2529.4 999999999 
675 0 1528.7 64 Chain0183TYR 1 1528.7 999999999 
485 0 953.0 40 Chain0203SER 1 953.0 999999999 
510 0 1073.3 46 Chain0228LYS 1 1073.3 999999999 
315 0 426.1 46 Chain0236THR 1 426.1 999999999 
535 0 1045.0 44 Chain0244LYS 1 1045.0 999999999 
920 0 2375.5 100 Chain0320GLN-ligand 1 2375.5 999999999 
990 0 2481.3 104 Chain0321SER-ligand 1 2481.3 999999999 
450 0 861.7 37 Chain0340VAL 1 861.7 999999999 
300 0 330.2 38 CAP0008 1 330.2 999999999 
815 0 1751.4 74 CAP0010-ligand 1 1751.4 999999999 
780 0 1547.6 64 CAP0024-ligand 1 1547.6 999999999 
270 0 279.7 26 CAP0026 1 279.7 999999999 
680 0 1457.3 61 CAP0029-ligand 1 1457.3 999999999 
815 0 1881.9 79 CAP0031-ligand 1 1881.9 999999999 
270 0 255.8 26 CAP0038 1 255.8 999999999 
705 0 1378.5 58 CAP0043-ligand 1 1378.5 999999999 
740 0 1801.2 76 CAP0047-ligand 1 1801.2 999999999 
835 0 1851.4 78 CAP0053-ligand 1 1851.4 999999999 
250 0 233.6 21 CAP0058 1 233.6 999999999 
329 0 426.1 51 CAP0075 1 426.1 999999999 
790 0 1660.1 70 CAP0079-ligand 1 1660.1 999999999 
780 0 4812.5 204 CAP0098-ligand 9 534.7222222222222 999999999 
875 0 1914.8 80 CAP0125-ligand 1 1914.8 999999999 
755 0 1620.9 68 CAP0151-ligand 1 1620.9 999999999 
300 0 342.4 36 CAP0210 1 342.4 999999999 
805 0 1680.1 70 CAP0258-ligand 1 1680.1 999999999 
740 0 1458.5 61 CAP0266-ligand 1 1458.5 999999999 
235 0 225.5 19 CAP0297 1 225.5 999999999 
860 0 2057.1 86 CAP0325-ligand 1 2057.1 999999999 
535 0 1239.8 52 Chain0005PHE 1 1239.8 999999999 
440 0 877.7 37 Chain0042LYS 1 877.7 999999999 
1045 0 2877.0 120 Chain0046ARG-ligand 1 2877.0 999999999 
975 0 2480.7 104 Chain0054ARG-ligand 1 2480.7 999999999 
510 0 1148.2 48 Chain0077HIE 1 1148.2 999999999 
965 0 2988.0 126 Chain0103THR-ligand 1 2988.0 999999999 
450 0 827.1 34 Chain0143ILE 1 827.1 999999999 
934 0 2227.5 93 Chain0208MET-ligand 1 2227.5 999999999 
450 0 856.9 36 Chain0212LEU 1 856.9 999999999 
1015 0 2610.0 109 Chain0230ILE-ligand 1 2610.0 999999999 
565 0 1174.1 50 Chain0252ASN 1 1174.1 999999999 
425 0 782.6 33 Chain0286LEU 1 782.6 999999999 
1075 0 2784.6 116 Chain0306TYR-ligand 1 2784.6 999999999 
955 0 5348.4 226 Chain0308ASP-ligand 9 594.2666666666667 999999999 
365 0 475.2 67 CAP0007 1 475.2 999999999 
250 0 260.7 24 CAP0017 1 260.7 999999999 
260 0 251.8 25 CAP0032 1 251.8 999999999 
684 0 1253.6 54 CAP0205-ligand 1 1253.6 999999999 
830 0 5036.9 215 CAP0240-ligand 9 559.6555555555556 999999999 
310 0 374.8 42 CAP0241 1 374.8 999999999 
250 0 264.2 24 CAP0273 1 264.2 999999999 
890 0 2056.0 88 CAP0305-ligand 1 2056.0 999999999 
360 0 540.8 68 CAP0305 1 540.8 999999999 
795 0 8535.8 365 CAP0338-ligand 11 775.9818181818181 999999999 
1045 0 7693.0 330 Chain0019GLU-ligand 10 769.3 999999999 
890 0 2586.7 110 Chain0048ALA-ligand 1 2586.7 999999999 
990 0 7030.2 301 Chain0097ASN-ligand 10 703.02 999999999 
955 0 3119.2 132 Chain0102VAL-ligand 1 3119.2 999999999 
375 0 548.6 76 Chain0109ASP 1 548.6 999999999 
440 0 735.9 32 Chain0133ARG 1 735.9 999999999 
385 0 573.8 84 Chain0153LEU 1 573.8 999999999 
950 0 2317.9 98 Chain0167GLY-ligand 1 2317.9 999999999 
460 0 1058.1 46 Chain0187GLU 1 1058.1 999999999 
510 0 977.3 42 Chain0196ASN 1 977.3 999999999 
830 0 1751.3 75 Chain0204VAL-ligand 1 1751.3 999999999 
335 0 433.1 53 Chain0220GLY 1 433.1 999999999 
315 0 416.5 47 Chain0237PRO 1 416.5 999999999 
1040 0 2563.3 108 Chain0253TYR-ligand 1 2563.3 999999999 
535 0 1209.9 52 Chain0254ILE 1 1209.9 999999999 
999 0 2328.9 99 Chain0261PRO-ligand 1 2328.9 999999999 
1115 0 2938.0 125 Chain0332TRP-ligand 1 2938.0 999999999 
210 0 176.3 13 CAP0044 1 176.3 999999999 
250 0 230.6 20 CAP0057 1 230.6 999999999 
855 0 1807.8 76 CAP0065-ligand 1 1807.8 999999999 
770 0 4778.7 203 CAP0121-ligand 9 530.9666666666667 999999999 
890 0 2035.4 85 CAP0129-ligand 1 2035.4 999999999 
730 0 1602.7 68 CAP0141-ligand 1 1602.7 999999999 
860 0 2064.8 87 CAP0146-ligand 1 2064.8 999999999 
865 0 1957.7 82 CAP0148-ligand 1 1957.7 999999999 
265 0 266.5 26 CAP0157 1 266.5 999999999 
219 0 194.5 15 CAP0158 1 194.5 999999999 
335 0 424.5 52 CAP0177 1 424.5 999999999 
840 0 1820.9 77 CAP0229-ligand 1 1820.9 999999999 
310 0 386.6 41 CAP0230 1 386.6 999999999 
799 0 1697.2 71 CAP0260-ligand 1 1697.2 999999999 
805 0 4980.3 211 CAP0339-ligand 9 553.3666666666667 999999999 
1000 0 2551.1 107 Chain0003PRO-ligand 1 2551.1 999999999 
590 0 1421.6 61 Chain0021TYR 1 1421.6 999999999 
920 0 2218.1 93 Chain0025SER-ligand 1 2218.1 999999999 
450 0 830.9 35 Chain0052LEU 1 830.9 999999999 
510 0 1065.2 45 Chain0072LEU 1 1065.2 999999999 
1044 0 2614.8 110 Chain0074HIE-ligand 1 2614.8 999999999 
945 0 2470.6 103 Chain0150PRO-ligand 1 2470.6 999999999 
385 0 610.4 89 Chain0151SER 1 610.4 999999999 
930 0 2653.4 111 Chain0152ASN-ligand 1 2653.4 999999999 
1009 0 2671.5 112 Chain0189MET-ligand 1 2671.5 999999999 
545 0 1326.4 56 Chain0191ASN 1 1326.4 999999999 
510 0 1044.6 44 Chain0227LEU 1 1044.6 999999999 
390 0 591.2 93 Chain0287ASP 1 591.2 999999999 
335 0 425.8 52 Chain0296GLN 1 425.8 999999999 
980 0 7298.6 310 Chain0323GLU-ligand 9 810.9555555555556 999999999 
945 0 4986.4 211 Chain0339GLU-ligand 9 554.0444444444444 999999999 
860 0 2043.9 86 CAP0002-ligand 1 2043.9 999999999 
275 0 278.4 28 CAP0013 1 278.4 999999999 
285 0 316.8 33 CAP0023 1 316.8 999999999 
150 0 103.8 6 CAP0033 1 103.8 999999999 
875 0 1917.2 81 CAP0056-ligand 1 1917.2 999999999 
770 0 1587.5 67 CAP0088-ligand 1 1587.5 999999999 
770 0 4545.8 193 CAP0120-ligand 9 505.0888888888889 999999999 
805 0 5086.9 216 CAP0142-ligand 9 565.2111111111111 999999999 
275 0 304.7 30 CAP0156 1 304.7 999999999 
830 0 5288.7 224 CAP0210-ligand 9 587.6333333333333 999999999 
859 0 1792.8 76 CAP0282-ligand 1 1792.8 999999999 
775 0 1615.1 69 CAP0300-ligand 1 1615.1 999999999 
925 0 2278.2 96 CAP0302-ligand 1 2278.2 999999999 
370 0 480.2 70 CAP0306 1 480.2 999999999 
240 0 237.5 21 CAP0308 1 237.5 999999999 
805 0 1710.5 72 CAP0333-ligand 1 1710.5 999999999 
440 0 1046.1 44 Chain0041THR 1 1046.1 999999999 
425 0 830.7 35 Chain0059ILE 1 830.7 999999999 
360 0 473.7 65 Chain0140SER 1 473.7 999999999 
1080 0 2996.8 126 Chain0145HIE-ligand 1 2996.8 999999999 
1040 0 3099.2 131 Chain0163ILE-ligand 1 3099.2 999999999 
964 0 6649.5 283 Chain0173GLU-ligand 10 664.95 999999999 
590 0 1298.9 55 Chain0181ARG 1 1298.9 999999999 
984 0 2527.8 106 Chain0190LEU-ligand 1 2527.8 999999999 
450 0 835.6 35 Chain0225ASP 1 835.6 999999999 
950 0 2363.8 100 Chain0265PHE-ligand 1 2363.8 999999999 
885 0 6217.1 264 Chain0288SER-ligand 9 690.7888888888889 999999999 
355 0 530.3 68 Chain0288SER 1 530.3 999999999 
425 0 910.2 39 Chain0308ASP 1 910.2 999999999 
445 0 886.3 38 Chain0325ARG 1 886.3 999999999 
285 0 336.6 34 CAP0022 1 336.6 999999999 
680 0 1309.5 56 CAP0033-ligand 1 1309.5 999999999 
780 0 1594.7 68 CAP0052-ligand 1 1594.7 999999999 
775 0 1535.9 65 CAP0061-ligand 1 1535.9 999999999 
300 0 376.6 40 CAP0093 1 376.6 999999999 
734 0 1872.4 80 CAP0106-ligand 1 1872.4 999999999 
275 0 294.4 29 CAP0119 1 294.4 999999999 
310 0 380.2 44 CAP0130 1 380.2 999999999 
705 0 1352.7 58 CAP0140-ligand 1 1352.7 999999999 
275 0 319.5 31 CAP0164 1 319.5 999999999 
285 0 347.1 35 CAP0186 1 347.1 999999999 
900 0 2003.4 85 CAP0194-ligand 1 2003.4 999999999 
784 0 1594.4 68 CAP0206-ligand 1 1594.4 999999999 
665 0 1210.2 52 CAP0238-ligand 1 1210.2 999999999 
190 0 150.2 11 CAP0246 1 150.2 999999999 
850 0 1763.3 76 CAP0261-ligand 1 1763.3 999999999 
840 0 1798.0 76 CAP0279-ligand 1 1798.0 999999999 
235 0 215.0 18 CAP0298 1 215.0 999999999 
795 0 4752.7 203 CAP0330-ligand 9 528.0777777777778 999999999 
780 0 1596.2 68 CAP0344-ligand 1 1596.2 999999999 
380 0 584.4 89 Chain0001GLU 1 584.4 999999999 
475 0 897.3 38 Chain0013THR 1 897.3 999999999 
1065 0 2863.5 121 Chain0014ILE-ligand 1 2863.5 999999999 
540 0 1220.6 52 Chain0055PRO 1 1220.6 999999999 
1050 0 2707.5 114 Chain0073LYS-ligand 1 2707.5 999999999 
910 0 5946.2 255 Chain0171ASP-ligand 9 660.6888888888889 999999999 
935 0 2263.9 96 Chain0214GLY-ligand 1 2263.9 999999999 
460 0 831.1 36 Chain0224ILE 1 831.1 999999999 
1070 0 2582.5 109 Chain0231LEU-ligand 1 2582.5 999999999 
845 0 1828.0 78 Chain0237PRO-ligand 1 1828.0 999999999 
425 0 725.0 31 Chain0256SER 1 725.0 999999999 
950 0 2184.1 93 Chain0270ILE-ligand 1 2184.1 999999999 
460 0 909.8 40 Chain0321SER 1 909.8 999999999 
990 0 2645.1 112 Chain0344VAL-ligand 1 2645.1 999999999 
300 0 374.3 40 Chain0347PRO 1 374.3 999999999 
830 0 5398.0 228 CAP0009-ligand 9 599.7777777777778 999999999 
275 0 282.6 27 CAP0016 1 282.6 999999999 
135 0 88.2 5 CAP0030 1 88.2 999999999 
345 0 433.2 56 CAP0073 1 433.2 999999999 
740 0 1782.6 75 CAP0081-ligand 1 1782.6 999999999 
820 0 1694.4 71 CAP0090-ligand 1 1694.4 999999999 
815 0 2120.9 88 CAP0101-ligand 1 2120.9 999999999 
865 0 1889.3 79 CAP0117-ligand 1 1889.3 999999999 
840 0 1744.7 73 CAP0130-ligand 1 1744.7 999999999 
780 0 1586.9 67 CAP0198-ligand 1 1586.9 999999999 
254 0 260.8 23 CAP0206 1 260.8 999999999 
895 0 1997.8 84 CAP0232-ligand 1 1997.8 999999999 
790 0 1587.9 67 CAP0267-ligand 1 1587.9 999999999 
740 0 1405.7 59 CAP0272-ligand 1 1405.7 999999999 
815 0 1730.1 72 CAP0285-ligand 1 1730.1 999999999 
245 0 236.7 21 CAP0300 1 236.7 999999999 
900 0 1990.5 84 CAP0306-ligand 1 1990.5 999999999 
240 0 198.6 18 CAP0310 1 198.6 999999999 
275 0 304.0 30 CAP0329 1 304.0 999999999 
859 0 2406.2 101 Chain0036CYS-ligand 1 2406.2 999999999 
535 0 1204.4 51 Chain0051LYS 1 1204.4 999999999 
1085 0 2595.5 109 Chain0065THR-ligand 1 2595.5 999999999 
435 0 756.9 32 Chain0080VAL 1 756.9 999999999 
905 0 2572.5 108 Chain0109ASP-ligand 1 2572.5 999999999 
1040 0 2676.8 112 Chain0118LYS-ligand 1 2676.8 999999999 
1025 0 2462.5 103 Chain0125GLN-ligand 1 2462.5 999999999 
535 0 1170.7 49 Chain0130GLN 1 1170.7 999999999 
420 0 793.9 33 Chain0167GLY 1 793.9 999999999 
520 0 1132.5 47 Chain0195TYR 1 1132.5 999999999 
394 0 573.6 96 Chain0209ALA 1 573.6 999999999 
1005 0 5691.3 240 Chain0211LEU-ligand 9 632.3666666666667 999999999 
510 0 1081.1 45 Chain0242LEU 1 1081.1 999999999 
945 0 4864.3 205 Chain0313PRO-ligand 9 540.4777777777778 999999999 
925 0 2271.2 95 CAP0014-ligand 1 2271.2 999999999 
229 0 216.5 18 CAP0035 1 216.5 999999999 
305 0 358.3 38 CAP0053 1 358.3 999999999 
310 0 375.4 41 CAP0059 1 375.4 999999999 
310 0 376.2 41 CAP0127 1 376.2 999999999 
389 0 602.3 92 CAP0192 1 602.3 999999999 
279 0 294.5 30 CAP0263 1 294.5 999999999 
865 0 21602.2 928 CAP0322-ligand 12 1800.1833333333334 999999999 
250 0 243.7 21 CAP0334 1 243.7 999999999 
560 0 1214.1 51 Chain0015TRP 1 1214.1 999999999 
365 0 578.9 76 Chain0026PRO 1 578.9 999999999 
890 0 2165.8 91 Chain0032TYR-ligand 1 2165.8 999999999 
480 0 926.1 39 Chain0053SER 1 926.1 999999999 
955 0 8884.4 378 Chain0079ASN-ligand 11 807.6727272727272 999999999 
980 0 8396.1 356 Chain0084LEU-ligand 10 839.61 999999999 
1030 0 5152.6 218 Chain0095GLU-ligand 9 572.5111111111112 999999999 
425 0 801.4 34 Chain0102VAL 1 801.4 999999999 
1075 0 2861.7 121 Chain0138ILE-ligand 1 2861.7 999999999 
510 0 1159.3 48 Chain0163ILE 1 1159.3 999999999 
444 0 845.0 36 Chain0260MET 1 845.0 999999999 
945 0 2374.7 100 Chain0289ASP-ligand 1 2374.7 999999999 
465 0 889.1 37 Chain0337TYR 1 889.1 999999999 
260 0 256.5 23 CAP0003 1 256.5 999999999 
415 0 840.5 35 CAP0020 1 840.5 999999999 
815 0 1703.1 71 CAP0023-ligand 1 1703.1 999999999 
865 0 1989.0 84 CAP0051-ligand 1 1989.0 999999999 
860 0 2067.4 87 CAP0055-ligand 1 2067.4 999999999 
750 0 1532.6 65 CAP0089-ligand 1 1532.6 999999999 
805 0 1852.8 77 CAP0119-ligand 1 1852.8 999999999 
815 0 11829.2 500 CAP0122-ligand 12 985.7666666666668 999999999 
850 0 1908.5 80 CAP0168-ligand 1 1908.5 999999999 
335 0 442.3 55 CAP0195 1 442.3 999999999 
860 0 1841.3 77 CAP0215-ligand 1 1841.3 999999999 
715 0 1407.2 59 CAP0234-ligand 1 1407.2 999999999 
765 0 1588.6 66 CAP0275-ligand 1 1588.6 999999999 
215 0 185.1 14 CAP0288 1 185.1 999999999 
895 0 2077.1 87 CAP0291-ligand 1 2077.1 999999999 
420 0 646.4 27 CAP0332 1 646.4 999999999 
285 0 286.7 30 CAP0342 1 286.7 999999999 
470 0 997.5 42 Chain0003PRO 1 997.5 999999999 
360 0 515.2 66 Chain0032TYR 1 515.2 999999999 
375 0 488.0 74 Chain0033GLY 1 488.0 999999999 
1020 0 2583.9 108 Chain0063LYS-ligand 1 2583.9 999999999 
955 0 7086.4 300 Chain0085ASP-ligand 9 787.3777777777777 999999999 
965 0 5052.1 213 Chain0123HIE-ligand 9 561.3444444444444 999999999 
1205 0 3185.5 133 Chain0183TYR-ligand 1 3185.5 999999999 
960 0 2222.3 93 Chain0185ALA-ligand 1 2222.3 999999999 
315 0 406.2 46 Chain0221THR 1 406.2 999999999 
485 0 1016.1 42 Chain0230ILE 1 1016.1 999999999 
470 0 956.9 40 Chain0268VAL 1 956.9 999999999 
1000 0 2458.1 103 Chain0301ALA-ligand 1 2458.1 999999999 
450 0 878.0 36 Chain0329ILE 1 878.0 999999999 
290 0 329.7 35 CAP0090 1 329.7 999999999 
335 0 419.6 53 CAP0095 1 419.6 999999999 
360 0 518.7 68 CAP0129 1 518.7 999999999 
310 0 384.1 43 CAP0165 1 384.1 999999999 
210 0 182.3 14 CAP0167 1 182.3 999999999 
210 0 184.2 14 CAP0276 1 184.2 999999999 
310 0 371.3 41 CAP0328 1 371.3 999999999 
1090 0 60005.0 2513 Chain0015TRP-ligand 10 6000.5 999999999 
279 0 318.4 32 Chain0037ALA 1 318.4 999999999 
500 0 915.0 39 Chain0095GLU 1 915.0 999999999 
485 0 1163.9 49 Chain0217LEU 1 1163.9 999999999 
540 0 1095.8 46 Chain0231LEU 1 1095.8 999999999 
340 0 482.2 60 Chain0249SER 1 482.2 999999999 
420 0 750.2 32 Chain0265PHE 1 750.2 999999999 
340 0 492.5 60 Chain0316ASP 1 492.5 999999999 
330 0 426.2 50 CAP0002 1 426.2 999999999 
790 0 1659.9 69 CAP0032-ligand 1 1659.9 999999999 
780 0 1561.3 66 CAP0057-ligand 1 1561.3 999999999 
780 0 1556.1 65 CAP0058-ligand 1 1556.1 999999999 
780 0 5057.7 214 CAP0085-ligand 9 561.9666666666667 999999999 
850 0 2283.4 96 CAP0104-ligand 1 2283.4 999999999 
840 0 1757.0 74 CAP0114-ligand 1 1757.0 999999999 
850 0 1866.6 78 CAP0138-ligand 1 1866.6 999999999 
830 0 16538.3 696 CAP0160-ligand 11 1503.4818181818182 999999999 
210 0 187.0 14 CAP0178 1 187.0 999999999 
225 0 196.0 16 CAP0209 1 196.0 999999999 
330 0 389.1 48 CAP0215 1 389.1 999999999 
340 0 419.9 53 CAP0251 1 419.9 999999999 
275 0 272.8 27 CAP0278 1 272.8 999999999 
250 0 239.4 21 CAP0341 1 239.4 999999999 
815 0 1701.2 72 CAP0342-ligand 1 1701.2 999999999 
590 0 1153.8 48 Chain0007ARG 1 1153.8 999999999 
370 0 525.8 76 Chain0038ALA 1 525.8 999999999 
940 0 3043.1 128 Chain0049VAL-ligand 1 3043.1 999999999 
510 0 1039.4 43 Chain0050LYS 1 1039.4 999999999 
340 0 517.0 60 Chain0089PRO 1 517.0 999999999 
475 0 1087.8 45 Chain0148LEU 1 1087.8 999999999 
1040 0 2738.5 115 Chain0162LYS-ligand 1 2738.5 999999999 
454 0 1012.6 42 Chain0190LEU 1 1012.6 999999999 
1075 0 2801.1 118 Chain0191ASN-ligand 1 2801.1 999999999 
1050 0 2598.0 109 Chain0195TYR-ligand 1 2598.0 999999999 
880 0 1951.0 82 Chain0213THR-ligand 1 1951.0 999999999 
980 0 2291.2 96 Chain0245ILE-ligand 1 2291.2 999999999 
885 0 5772.9 245 Chain0248GLU-ligand 9 641.4333333333333 999999999 
285 0 306.0 32 Chain0272ALA 1 306.0 999999999 
984 0 2350.2 98 Chain0284LEU-ligand 1 2350.2 999999999 
310 0 342.3 41 CAP0077 1 342.3 999999999 
310 0 377.2 43 CAP0131 1 377.2 999999999 
225 0 205.1 17 CAP0151 1 205.1 999999999 
200 0 156.9 12 CAP0179 1 156.9 999999999 
330 0 481.1 53 CAP0180 1 481.1 999999999 
360 0 491.0 67 CAP0243 1 491.0 999999999 
445 0 785.5 34 Chain0062ALA 1 785.5 999999999 
1040 0 3239.6 137 Chain0077HIE-ligand 1 3239.6 999999999 
510 0 1169.1 51 Chain0202TRP 1 1169.1 999999999 
304 0 388.9 44 Chain0205GLY 1 388.9 999999999 
510 0 1095.2 47 Chain0253TYR 1 1095.2 999999999 
385 0 569.9 85 Chain0276ALA 1 569.9 999999999 
420 0 667.9 31 Chain0299ALA 1 667.9 999999999 
345 0 474.5 62 Chain0300HIE 1 474.5 999999999 
1040 0 46720.9 1961 Chain0307HIE-ligand 11 4247.354545454546 999999999 
585 0 1601.0 70 Chain0332TRP 1 1601.0 999999999 
310 0 358.6 40 CAP0004 1 358.6 999999999 
830 0 1819.1 76 CAP0012-ligand 1 1819.1 999999999 
885 0 8913.7 380 CAP0019-ligand 12 742.8083333333334 999999999 
770 0 4667.0 198 CAP0040-ligand 9 518.5555555555555 999999999 
240 0 223.9 19 CAP0040 1 223.9 999999999 
830 0 1783.8 75 CAP0041-ligand 1 1783.8 999999999 
340 0 439.9 55 CAP0046 1 439.9 999999999 
250 0 231.6 21 CAP0052 1 231.6 999999999 
840 0 1889.1 79 CAP0087-ligand 1 1889.1 999999999 
835 0 1762.6 74 CAP0091-ligand 1 1762.6 999999999 
250 0 226.3 20 CAP0092 1 226.3 999999999 
815 0 1838.8 77 CAP0112-ligand 1 1838.8 999999999 
360 0 466.5 64 CAP0128 1 466.5 999999999 
740 0 1437.8 60 CAP0134-ligand 1 1437.8 999999999 
265 0 266.7 26 CAP0172 1 266.7 999999999 
815 0 1688.4 71 CAP0190-ligand 1 1688.4 999999999 
780 0 1557.9 65 CAP0245-ligand 1 1557.9 999999999 
850 0 1835.8 76 CAP0264-ligand 1 1835.8 999999999 
320 0 400.4 45 CAP0343 1 400.4 999999999 
260 0 263.1 24 CAP0345 1 263.1 999999999 
910 0 2020.2 85 Chain0001GLU-ligand 1 2020.2 999999999 
410 0 682.3 29 Chain0039PHE 1 682.3 999999999 
905 0 2255.5 94 Chain0043THR-ligand 1 2255.5 999999999 
1040 0 2847.5 119 Chain0072LEU-ligand 1 2847.5 999999999 
514 0 1056.4 44 Chain0076LYS 1 1056.4 999999999 
460 0 928.9 39 Chain0097ASN 1 928.9 999999999 
959 0 2369.1 100 Chain0115LYS-ligand 1 2369.1 999999999 
965 0 2413.2 101 Chain0139HIE-ligand 1 2413.2 999999999 
515 0 1270.0 55 Chain0146ARG 1 1270.0 999999999 
874 0 1918.0 80 Chain0175THR-ligand 1 1918.0 999999999 
1019 0 2636.2 111 Chain0262LYS-ligand 1 2636.2 999999999 
500 0 1047.3 44 Chain0319ASP 1 1047.3 999999999 
975 0 2753.0 116 Chain0325ARG-ligand 1 2753.0 999999999 
285 0 298.2 32 CAP0190 1 298.2 999999999 
275 0 283.7 30 CAP0225 1 283.7 999999999 
410 0 702.5 32 Chain0049VAL 1 702.5 999999999 
540 0 1057.3 46 Chain0070ARG 1 1057.3 999999999 
510 0 1109.5 47 Chain0100TYR 1 1109.5 999999999 
440 0 755.4 34 Chain0134GLY 1 755.4 999999999 
344 0 473.0 61 Chain0175THR 1 473.0 999999999 
410 0 732.7 31 Chain0177TYR 1 732.7 999999999 
350 0 506.1 65 Chain0213THR 1 506.1 999999999 
545 0 1192.9 51 Chain0306TYR 1 1192.9 999999999 
405 0 665.4 30 Chain0311ASP 1 665.4 999999999 
